"Method","GroupBasedOn","Group","HeS","HoS","DL","HD","DR"
"CbMPDiCbraya","Elevation","2810","0.000394778104179545","0.44965839507114","0.400935366946644","0.0601509406979985","0.0888605191800375"
"CbMPDiCbraya","Elevation","1563","0.00464408788795847","0.374284634813795","0.403268151957685","0.0533672676523135","0.164435857688248"
"CbMPDiCbraya","Elevation","1090","0.0701223407383604","0.258890731777008","0.504721925211297","0.0540002546790581","0.112264747594277"
"CbMPDiCbraya","Elevation","853","0.0319571867368275","0.215372147371428","0.47953422558691","0.0570342751655231","0.216102165139312"
"CbMPDiCbraya","Elevation","4245","0.0615237171935483","0.533362851109433","0.214102710415793","0.0501914981315824","0.140819223149644"
"CbMPDiCbraya","Elevation","3900","0.00735377089668884","0.497626269240556","0.316209838063256","0.0454508853172558","0.133359236482244"
"CbMPDiCbraya","Elevation","4420","0.001587346341127","0.535456310246668","0.246733873919467","0.0641770846354723","0.152045384857266"
"CbMPDiCbraya","Elevation","3814","0.0121908866668199","0.303800043693062","0.440777768878944","0.043228296258816","0.200003004502358"
"CbMPDiCbraya","Elevation","3655","0.000633762515848116","0.727315669058651","0.169891267450355","0.0405147396435158","0.0616445613316302"
"CbMPDiCbraya","Elevation","3124","0.00359814107386963","0.540214991405857","0.314090927681204","0.0356416257165654","0.106454314122504"
"CbMPDiCbraya","Elevation","2629","0.0133868775261093","0.375236300214981","0.420635715559812","0.0698634785737816","0.120877628125316"
"CbMPDiCbraya","Elevation","2013","0.0146112813857668","0.183921323002802","0.636719491600401","0.0535759084839978","0.111171995527032"
"CbMPDiCbraya","Elevation","2810_vs_1563","0.00936636906882682","0.209785388246083","0.583714526321993","0.0401833650164903","0.156950351346607"
"CbMPDiCbraya","Elevation","2810_vs_1090","0.0406779421153994","0.150466530759691","0.630967312802222","0.0407695521265112","0.137118662196176"
"CbMPDiCbraya","Elevation","2810_vs_853","0.0245258945521715","0.12934144104782","0.62533363152722","0.0465261456586364","0.174272887214153"
"CbMPDiCbraya","Elevation","2810_vs_4245","0.0651571786744438","0.265511450280576","0.477329644882465","0.0330696167781412","0.158932109384373"
"CbMPDiCbraya","Elevation","2810_vs_3900","0.00601834727671171","0.317093479727367","0.484957754100979","0.0302820381007939","0.161648380794148"
"CbMPDiCbraya","Elevation","2810_vs_4420","0.0322595822203461","0.275758589097603","0.471914267968311","0.0275448135245441","0.192522747189195"
"CbMPDiCbraya","Elevation","2810_vs_3814","0.0151139271498426","0.215557183400991","0.544319876054669","0.0362501119808068","0.18875890141369"
"CbMPDiCbraya","Elevation","2810_vs_3655","0.0021556069921641","0.554186339666163","0.326125996798851","0.0375511568012197","0.0799808997416013"
"CbMPDiCbraya","Elevation","2810_vs_3124","0.00484679293314461","0.486392181911632","0.383986273715814","0.0373303003202765","0.0874444511191329"
"CbMPDiCbraya","Elevation","2810_vs_2629","0.00609043112957475","0.30809427140545","0.524268268745173","0.0519486229719893","0.109598405747813"
"CbMPDiCbraya","Elevation","2810_vs_2013","0.0213742295315472","0.151486386602832","0.645552416895365","0.0483010849597057","0.13328588201055"
"CbMPDiCbraya","Elevation","1563_vs_1090","0.0440267511454976","0.271708170940057","0.503492863221426","0.0410557808691735","0.139716433823845"
"CbMPDiCbraya","Elevation","1563_vs_853","0.029718547221295","0.163880343606344","0.594132401196971","0.0355099923951977","0.176758715580192"
"CbMPDiCbraya","Elevation","1563_vs_4245","0.0402911087326912","0.311527764395893","0.471166200177276","0.0325391576190774","0.144475769075063"
"CbMPDiCbraya","Elevation","1563_vs_3900","0.0335605342841018","0.292350671887805","0.509502483295996","0.03174524847021","0.132841062061887"
"CbMPDiCbraya","Elevation","1563_vs_4420","0.0173539716486303","0.365381633951204","0.435356850162121","0.0366229378061882","0.145284606431856"
"CbMPDiCbraya","Elevation","1563_vs_3814","0.0242120663488737","0.216262251249025","0.569902782575831","0.0366562885716243","0.152966611254646"
"CbMPDiCbraya","Elevation","1563_vs_3655","0.013891262713851","0.388288817907387","0.416899590512254","0.0309781172079694","0.149942211658538"
"CbMPDiCbraya","Elevation","1563_vs_3124","0.0282846681652924","0.270130861365738","0.506185799406822","0.030305053965853","0.165093617096294"
"CbMPDiCbraya","Elevation","1563_vs_2629","0.0188240126844016","0.179531814922144","0.61881742037286","0.0455743859984296","0.137252366022165"
"CbMPDiCbraya","Elevation","1563_vs_2013","0.0484338716704929","0.0889350291643015","0.679749473368592","0.0364857845754024","0.146395841221211"
"CbMPDiCbraya","Elevation","1090_vs_853","0.0565523737818951","0.201958152261445","0.521156776697489","0.0508085099722809","0.169524187286889"
"CbMPDiCbraya","Elevation","1090_vs_4245","0.0642880605417407","0.305887610245855","0.466070363597855","0.0376964376580878","0.126057527956462"
"CbMPDiCbraya","Elevation","1090_vs_3900","0.0785749792332703","0.22320399600558","0.535532412128796","0.0309954899737751","0.131693122658579"
"CbMPDiCbraya","Elevation","1090_vs_4420","0.0407230260987625","0.255364448773907","0.501893510214803","0.0336046787791143","0.168414336133413"
"CbMPDiCbraya","Elevation","1090_vs_3814","0.07389477751621","0.249126567207156","0.490266386558098","0.0396020118270439","0.147110256891492"
"CbMPDiCbraya","Elevation","1090_vs_3655","0.0468011874016495","0.186017436282462","0.615518453097111","0.0368816558393227","0.114781267379455"
"CbMPDiCbraya","Elevation","1090_vs_3124","0.0706397627077022","0.165710493534454","0.593067944181462","0.0335882120503518","0.136993587526031"
"CbMPDiCbraya","Elevation","1090_vs_2629","0.0442334580416259","0.14195622629459","0.64449920880807","0.0500433452178437","0.11926776163787"
"CbMPDiCbraya","Elevation","1090_vs_2013","0.0862032409267533","0.0882517301423615","0.665120653760119","0.049851958747919","0.110572416422847"
"CbMPDiCbraya","Elevation","853_vs_4245","0.0707230265612503","0.159781547265406","0.563195590006976","0.0392881244252395","0.167011711741128"
"CbMPDiCbraya","Elevation","853_vs_3900","0.0360893946821631","0.136555522158916","0.595818316733103","0.0334934613331892","0.198043305092629"
"CbMPDiCbraya","Elevation","853_vs_4420","0.0317326862713434","0.127013041476204","0.599567193707084","0.0285884295593709","0.213098648985997"
"CbMPDiCbraya","Elevation","853_vs_3814","0.0509521927684283","0.127499163204566","0.630124173779485","0.0264275945372478","0.164996875710273"
"CbMPDiCbraya","Elevation","853_vs_3655","0.0403690992490981","0.120034157026455","0.636172211742369","0.0364652350103556","0.166959296971722"
"CbMPDiCbraya","Elevation","853_vs_3124","0.0754524588453457","0.0982638120528454","0.611266651820154","0.0341659111220419","0.180851166159613"
"CbMPDiCbraya","Elevation","853_vs_2629","0.0374257236429259","0.116080092990301","0.660152640492794","0.0277137942958276","0.158627748578151"
"CbMPDiCbraya","Elevation","853_vs_2013","0.0666066530069947","0.146693544683221","0.634513160244962","0.0355452807912878","0.116641361273535"
"CbMPDiCbraya","Elevation","4245_vs_3900","0.041835307696151","0.441909651092672","0.348553522326594","0.029549224861433","0.138152294023151"
"CbMPDiCbraya","Elevation","4245_vs_4420","0.0395500768276798","0.528555512493807","0.252237141247963","0.0335761883180937","0.146081081112457"
"CbMPDiCbraya","Elevation","4245_vs_3814","0.0301484950645807","0.377264115732379","0.383041374899781","0.0445462619630049","0.164999752340255"
"CbMPDiCbraya","Elevation","4245_vs_3655","0.0566666094231687","0.357147012618583","0.423407664668271","0.0339244746250864","0.128854238664891"
"CbMPDiCbraya","Elevation","4245_vs_3124","0.0716836971818794","0.341001484090541","0.411191832459282","0.029584562643571","0.146538423624727"
"CbMPDiCbraya","Elevation","4245_vs_2629","0.0425730708667175","0.2139682538919","0.53899461084321","0.0492461427144597","0.155217921683712"
"CbMPDiCbraya","Elevation","4245_vs_2013","0.0833118981220443","0.111550196886223","0.612531501257857","0.0447981355707199","0.147808268163155"
"CbMPDiCbraya","Elevation","3900_vs_4420","0.00177717455736858","0.458433273844329","0.383009522499533","0.0331680607149622","0.123611968383807"
"CbMPDiCbraya","Elevation","3900_vs_3814","0.00908093671241286","0.254626045421917","0.52493121382488","0.0393155068333217","0.172046297207468"
"CbMPDiCbraya","Elevation","3900_vs_3655","0.00233345652807646","0.481255994321385","0.36171685023061","0.0254895821326182","0.12920411678731"
"CbMPDiCbraya","Elevation","3900_vs_3124","0.0187456535584561","0.357319374658364","0.43689900546431","0.0226665934968871","0.164369372821982"
"CbMPDiCbraya","Elevation","3900_vs_2629","0.019849429683969","0.253797616753589","0.538909876243608","0.0422568116706903","0.145186265648143"
"CbMPDiCbraya","Elevation","3900_vs_2013","0.0536084253725373","0.159790705758348","0.577539561147576","0.037277847475306","0.171783460246233"
"CbMPDiCbraya","Elevation","4420_vs_3814","0.0148809984120509","0.351568677407494","0.40847699560179","0.04189772476359","0.183175603815075"
"CbMPDiCbraya","Elevation","4420_vs_3655","0.0270901575705868","0.387023440230304","0.400915572760242","0.0282386552472425","0.156732174191625"
"CbMPDiCbraya","Elevation","4420_vs_3124","0.0610691236160163","0.328412138250015","0.405228446186334","0.0246801193172954","0.180610172630339"
"CbMPDiCbraya","Elevation","4420_vs_2629","0.0172191579816629","0.233997614644202","0.537054062460186","0.045691560671241","0.166037604242708"
"CbMPDiCbraya","Elevation","4420_vs_2013","0.0611966755820339","0.0876958021684903","0.649822873400892","0.0350360757467248","0.166248573101859"
"CbMPDiCbraya","Elevation","3814_vs_3655","0.0125351290710077","0.375930432815695","0.41505842406004","0.0314488559949257","0.165027158058332"
"CbMPDiCbraya","Elevation","3814_vs_3124","0.028610273025678","0.351697543589937","0.419074977594648","0.0334934020812052","0.167123803708531"
"CbMPDiCbraya","Elevation","3814_vs_2629","0.024267569887207","0.247838076146745","0.5286115656389","0.0393196529239646","0.159963135403183"
"CbMPDiCbraya","Elevation","3814_vs_2013","0.0418440056760067","0.0818754740021576","0.693292125137741","0.0330187540773825","0.149969641106712"
"CbMPDiCbraya","Elevation","3655_vs_3124","0.00585215475181333","0.595904484555577","0.270011892231678","0.030906846524258","0.0973246219366741"
"CbMPDiCbraya","Elevation","3655_vs_2629","0.0123413514677937","0.375324817475324","0.465467660324212","0.0439444256929566","0.102921745039714"
"CbMPDiCbraya","Elevation","3655_vs_2013","0.0309251196218548","0.217749823725518","0.595333656013477","0.0438404664947922","0.112150934144358"
"CbMPDiCbraya","Elevation","3124_vs_2629","0.0159435056012209","0.35871730125173","0.46871534522688","0.0459283786069937","0.110695469313176"
"CbMPDiCbraya","Elevation","3124_vs_2013","0.0284410408028853","0.149179690955998","0.647268582811721","0.0411691911854633","0.133941494243932"
"CbMPDiCbraya","Elevation","2629_vs_2013","0.0408192634129187","0.0618766863376576","0.716891823242294","0.0458199589607897","0.13459226804634"
