"Method","samp1","samp2","HeS","HoS","DL","HD","DR"
"CbMPDiCbraya","L1_H0","L1_H1",0.000368424059334999,0.460540848002479,0.23473398787738,0.122664969306145,0.181691770754662
"CbMPDiCbraya","L1_H0","L1_H2",0.00273416588083549,0.394341080574848,0.222933624610547,0.0987925501233744,0.281198578810395
"CbMPDiCbraya","L1_H0","L1_H3",0.00368035709106544,0.395679831306687,0.229675117493675,0.157929616934956,0.213035077173616
"CbMPDiCbraya","L1_H0","L1_H4",0.00275727892263805,0.403880007397595,0.252813197511774,0.0745532696128093,0.265996246555184
"CbMPDiCbraya","L1_H0","L1_H5",0.0145592643881991,0.364702623607765,0.35293289119218,0.0478209722205706,0.219984248591285
"CbMPDiCbraya","L1_H0","L1_V1",0.00210126115335894,0.419014512893848,0.264617537494226,0.106696298639059,0.207570389819508
"CbMPDiCbraya","L1_H0","L1_V2",0.00200545739755006,0.36809538304975,0.329341626262105,0.133913901812176,0.166643631478419
"CbMPDiCbraya","L1_H0","L1_V3",0.00878982240879881,0.361364122702923,0.317731872765087,0.127964819653869,0.184149362469322
"CbMPDiCbraya","L1_H0","L1_V4",0.00627124622172883,0.419724062353571,0.240060506016228,0.060074843937478,0.273869341470995
"CbMPDiCbraya","L1_H0","L1_V5",0.00289235118814093,0.401351006282569,0.230048561705158,0.0786651167845587,0.287042964039573
"CbMPDiCbraya","L1_H0","L10_H0",0.0386094221644007,0.297722247061101,0.375999849859934,0.0545853206929425,0.233083160221622
"CbMPDiCbraya","L1_H0","L10_H1",0.035697917348298,0.27780311363975,0.427743580838598,0.0386618169124068,0.220093571260948
"CbMPDiCbraya","L1_H0","L10_H2",0.032772958040139,0.289763946453648,0.427199252881297,0.0415755477870847,0.208688294837831
"CbMPDiCbraya","L1_H0","L10_H3",0.0252015269663368,0.345423008098968,0.363589378692523,0.0418464886688915,0.223939597573281
"CbMPDiCbraya","L1_H0","L10_H4",0.0401037372687527,0.294600683389322,0.422537697446432,0.0451005641680188,0.197657317727475
"CbMPDiCbraya","L1_H0","L10_H5",0.046200416885351,0.314145115287643,0.385476422188923,0.0388486733064498,0.215329372331634
"CbMPDiCbraya","L1_H0","L10_V1",0.02700142924081,0.3204728679853,0.356392797732763,0.0465691939620362,0.249563711079091
"CbMPDiCbraya","L1_H0","L10_V2",0.0171136071364322,0.342684901345361,0.364038090754046,0.0515515327088658,0.224611868055296
"CbMPDiCbraya","L1_H0","L10_V3",0.0252822302966639,0.323430358977841,0.3934774321524,0.0507746825624811,0.207035296010614
"CbMPDiCbraya","L1_H0","L10_V4",0.0145164175890836,0.363650962222434,0.370522182522465,0.044872325615264,0.206438112050753
"CbMPDiCbraya","L1_H0","L10_V5",0.0265913459766803,0.296188701388192,0.426527423647035,0.0507639722696027,0.19992855671849
"CbMPDiCbraya","L1_H0","L11_H0",0.0146630188546416,0.329154739488074,0.413385132334598,0.0643840553495572,0.178413053973129
"CbMPDiCbraya","L1_H0","L11_H1",0.0124616960973515,0.400618991760276,0.301247498295585,0.0435044488698691,0.242167364976918
"CbMPDiCbraya","L1_H0","L11_H2",0.00871501679264069,0.319197967562942,0.374610494290268,0.0461290638557733,0.251347457498376
"CbMPDiCbraya","L1_H0","L11_H3",0.0257972548024218,0.347590026881705,0.348999272402025,0.0332886340286626,0.244324811885186
"CbMPDiCbraya","L1_H0","L11_H4",0.0116621528655689,0.320783282679673,0.401821354645338,0.0542974122349882,0.211435797574431
"CbMPDiCbraya","L1_H0","L11_H5",0.0159753461206553,0.281067729885742,0.444938893719098,0.038500670248929,0.219517360025575
"CbMPDiCbraya","L1_H0","L11_V1",0.0138349059980194,0.312144924669152,0.415200477711975,0.0471412647103012,0.211678426910553
"CbMPDiCbraya","L1_H0","L11_V2",0.0214304206076954,0.309993108093218,0.40673242768416,0.0309530416523735,0.230891001962554
"CbMPDiCbraya","L1_H0","L11_V3",0.021747302643401,0.352556994988124,0.354670681855352,0.0477437564996725,0.22328126401345
"CbMPDiCbraya","L1_H0","L11_V4",0.0425850595868726,0.384450706643709,0.305751966503967,0.061147755038411,0.206064512227041
"CbMPDiCbraya","L1_H0","L11_V5",0.0139934260902114,0.320705349961826,0.373375860693637,0.0449581967183589,0.246967166535967
"CbMPDiCbraya","L1_H0","L12_H0",0.0159812914034132,0.398036688675758,0.336569234862439,0.0361881368575151,0.213224648200875
"CbMPDiCbraya","L1_H0","L12_H1",0.0118478184599085,0.332867707217271,0.382391018585027,0.0358665649947853,0.237026890743008
"CbMPDiCbraya","L1_H0","L12_H2",0.0104160523095904,0.348130816584074,0.404920474754275,0.0278239830251933,0.208708673326867
"CbMPDiCbraya","L1_H0","L12_H3",0.0273520876856023,0.386163160407737,0.330062360611222,0.0234126400079911,0.233009751287448
"CbMPDiCbraya","L1_H0","L12_H4",0.0178874875272062,0.345346294009143,0.361247107323852,0.0377295943096062,0.237789516830193
"CbMPDiCbraya","L1_H0","L12_H5",0.018953635650784,0.372658461000665,0.349978221477785,0.0289215514876208,0.229488130383146
"CbMPDiCbraya","L1_H0","L12_V1",0.0190078687727674,0.386120746411381,0.306482579165414,0.0332489609511176,0.25513984469932
"CbMPDiCbraya","L1_H0","L12_V2",0.0257412860392906,0.336138299314985,0.370215041420267,0.0325466838534643,0.235358689371993
"CbMPDiCbraya","L1_H0","L12_V3",0.0162378093291495,0.342061001989521,0.3978628765452,0.0327734164876015,0.211064895648528
"CbMPDiCbraya","L1_H0","L12_V4",0.0102933956870036,0.392312025337546,0.324405603735008,0.0382387657505941,0.234750209489849
"CbMPDiCbraya","L1_H0","L12_V5",0.013717287337844,0.367780504425259,0.358754995517084,0.041896951659907,0.217850261059906
"CbMPDiCbraya","L1_H0","L2_H0",0.014519831372272,0.386944018934373,0.328398823485603,0.074659444802281,0.195477881405471
"CbMPDiCbraya","L1_H0","L2_H1",0.0180190243249109,0.36332318003733,0.348618495836806,0.0680777348552283,0.201961564945725
"CbMPDiCbraya","L1_H0","L2_H2",0.01101662961451,0.340833294662372,0.367014602354396,0.0718665658178287,0.209268907550894
"CbMPDiCbraya","L1_H0","L2_H3",0.00755755097232269,0.370469297589944,0.332785512458497,0.0900294418635938,0.199158197115642
"CbMPDiCbraya","L1_H0","L2_H4",0.00954784008979429,0.36868311053548,0.357951708934437,0.0655308413361753,0.198286499104114
"CbMPDiCbraya","L1_H0","L2_H5",0.00624905496030176,0.360990348699933,0.372259217620167,0.0659865918713968,0.194514786848202
"CbMPDiCbraya","L1_H0","L2_V1",0.0201908101806938,0.37813076434797,0.307243763172599,0.0752488809857606,0.219185781312977
"CbMPDiCbraya","L1_H0","L2_V2",0.0220571141177016,0.358432601605978,0.355524473676867,0.0622515457352494,0.201734264864205
"CbMPDiCbraya","L1_H0","L2_V3",0.0251730362768357,0.380577123612766,0.293023519612297,0.0701624656469912,0.23106385485111
"CbMPDiCbraya","L1_H0","L2_V4",0.00934661962881552,0.406965216268952,0.281300235410152,0.0729221812525741,0.229465747439506
"CbMPDiCbraya","L1_H0","L2_V5",0.00957203556978647,0.370916431870948,0.325797770177439,0.0803350440872604,0.213378718294566
"CbMPDiCbraya","L1_H0","L3_H0",0.00991524331778239,0.348503676765881,0.344459233192689,0.0372423628606949,0.259879483862953
"CbMPDiCbraya","L1_H0","L3_H1",0.0139929131917035,0.355957371394019,0.347154432199168,0.0436809453194956,0.239214337895613
"CbMPDiCbraya","L1_H0","L3_H2",0.0130728620195163,0.343396770416553,0.350205930937379,0.0399947011794909,0.253329735447061
"CbMPDiCbraya","L1_H0","L3_H3",0.0158556470844909,0.372159173032628,0.326930813606314,0.0369910306991359,0.248063335577431
"CbMPDiCbraya","L1_H0","L3_H4",0.00681213946815291,0.37593382671106,0.262120375660014,0.0431352699259756,0.311998388234798
"CbMPDiCbraya","L1_H0","L3_H5",0.00938592189101364,0.402600939067973,0.310858707324597,0.0518851711822301,0.225269260534186
"CbMPDiCbraya","L1_H0","L3_V1",0.00969011198769486,0.325653548206839,0.344921388884943,0.0497203797023418,0.270014571218181
"CbMPDiCbraya","L1_H0","L3_V2",0.00538580641406432,0.40579702336841,0.255017302284443,0.0637055109511433,0.270094356981939
"CbMPDiCbraya","L1_H0","L3_V3",0.00732179511314294,0.344682793764227,0.320873126942992,0.0517855930078583,0.27533669117178
"CbMPDiCbraya","L1_H0","L3_V4",0.0107410593144873,0.342913797364955,0.384032954115253,0.0449738877463979,0.217338301458907
"CbMPDiCbraya","L1_H0","L3_V5",0.0121967256054495,0.327122060641479,0.354517265116973,0.0521721990270212,0.253991749609077
"CbMPDiCbraya","L1_H0","L4_H0",0.00617857986470505,0.341261047036134,0.324716241393309,0.0479697822698331,0.279874349436019
"CbMPDiCbraya","L1_H0","L4_H1",0.00703243457520161,0.357804293548451,0.304452568890481,0.0595741376195367,0.271136565366329
"CbMPDiCbraya","L1_H0","L4_H2",0.00538473320929866,0.349311332793585,0.325461947608719,0.0697147441188577,0.250127242269539
"CbMPDiCbraya","L1_H0","L4_H3",0.00759570051598038,0.368884200381331,0.300530357802318,0.0675909794397367,0.255398761860634
"CbMPDiCbraya","L1_H0","L4_H4",0.0176076830895603,0.358289282035483,0.298012672958275,0.0522395827155652,0.273850779201117
"CbMPDiCbraya","L1_H0","L4_H5",0.0132402073758784,0.293120271789741,0.371413570272477,0.0612544516228395,0.260971498939064
"CbMPDiCbraya","L1_H0","L4_V1",0.0106244166509873,0.357217603406655,0.293709086908907,0.067025126949279,0.271423766084172
"CbMPDiCbraya","L1_H0","L4_V2",0.00451263506795593,0.344162922940732,0.330706680625463,0.0532611157685707,0.267356645597279
"CbMPDiCbraya","L1_H0","L4_V3",0.0066355118561835,0.34433560576231,0.323141854665602,0.0683577621178427,0.257529265598062
"CbMPDiCbraya","L1_H0","L4_V4",0.012014864668491,0.361677299274053,0.298218913188633,0.0461966173369452,0.281892305531878
"CbMPDiCbraya","L1_H0","L4_V5",0.0152266453230507,0.38024824175056,0.303003985615462,0.0652392192632186,0.236281908047709
"CbMPDiCbraya","L1_H0","L5_H0",0.017558632527192,0.278377729806664,0.419617429007123,0.0658675197491856,0.218578688909836
"CbMPDiCbraya","L1_H0","L5_H1",0.00378140978288715,0.344728339553015,0.365898742330888,0.0722541938880452,0.213337314445165
"CbMPDiCbraya","L1_H0","L5_H2",0.00776959612095417,0.295859438713367,0.425134199641905,0.0662050509706415,0.205031714553133
"CbMPDiCbraya","L1_H0","L5_H3",0.0109574079682029,0.404085031565195,0.310330401934499,0.0783911507614743,0.196236007770629
"CbMPDiCbraya","L1_H0","L5_H4",0.0195393789414863,0.307467973670414,0.371393019186208,0.0513074561601131,0.250292172041778
"CbMPDiCbraya","L1_H0","L5_H5",0.00539472492649419,0.370309707314982,0.298291565053458,0.0869738727917398,0.239030129913326
"CbMPDiCbraya","L1_H0","L5_V1",0.0230181378549092,0.294994557051545,0.397559230898314,0.0685330993645327,0.215894974830699
"CbMPDiCbraya","L1_H0","L5_V2",0.00734820548991091,0.343197533186309,0.346302440366398,0.0670931968410441,0.236058624116338
"CbMPDiCbraya","L1_H0","L5_V3",0.00642701490679473,0.321147186736896,0.363428598717804,0.0632693969462221,0.245727802692283
"CbMPDiCbraya","L1_H0","L5_V4",0.0259917462048214,0.304170720475391,0.393001145153802,0.0573581468250295,0.219478241340956
"CbMPDiCbraya","L1_H0","L5_V5",0.012296533111546,0.39787013830875,0.321793638712377,0.0868567243008586,0.181182965566469
"CbMPDiCbraya","L1_H0","L6_H0",0.00283125235966057,0.389829303911308,0.267463613658852,0.0676945421123812,0.272181287957798
"CbMPDiCbraya","L1_H0","L6_H1",0.00862781046592949,0.393424730106198,0.290980598196607,0.0823117213533121,0.224655139877954
"CbMPDiCbraya","L1_H0","L6_H2",0.00540733234165794,0.372681779665603,0.350632667895437,0.082700216374911,0.188578003722391
"CbMPDiCbraya","L1_H0","L6_H3",0.00459126338192088,0.402290623749379,0.25784866282343,0.0620726656014555,0.273196784443815
"CbMPDiCbraya","L1_H0","L6_H4",0.0109366038274012,0.366896402679928,0.311893408940654,0.0764421066175992,0.233831477934417
"CbMPDiCbraya","L1_H0","L6_H5",0.00876300586988975,0.387954802551863,0.284542242456179,0.0802220136226431,0.238517935499425
"CbMPDiCbraya","L1_H0","L6_V1",0.00186066084562815,0.385247064518923,0.317319163441145,0.0793848085527295,0.216188302641574
"CbMPDiCbraya","L1_H0","L6_V2",0.0105018152772054,0.426551064901463,0.246529984694758,0.0700202087980666,0.246396926328507
"CbMPDiCbraya","L1_H0","L6_V3",0.00124519264010206,0.404309184747263,0.290434616126163,0.071523012959974,0.232487993526498
"CbMPDiCbraya","L1_H0","L6_V4",0.0060445881558715,0.415373209686207,0.233038088674977,0.0831825443593773,0.262361569123567
"CbMPDiCbraya","L1_H0","L6_V5",0.00984217896637172,0.394956742960677,0.247103896095592,0.0571536116435938,0.290943570333765
"CbMPDiCbraya","L1_H0","L7_H0",0.0060269470518994,0.383284316370057,0.302933823261089,0.0632085263487999,0.244546386968155
"CbMPDiCbraya","L1_H0","L7_H1",0.0057165245935066,0.36479790762815,0.323802301684481,0.0868723836050046,0.218810882488857
"CbMPDiCbraya","L1_H0","L7_H2",0.0153988385654753,0.387877000481848,0.25741545681322,0.0855355715914693,0.253773132547987
"CbMPDiCbraya","L1_H0","L7_H3",0.001618568722449,0.37517283169614,0.351876430863886,0.0749214911615656,0.196410677555959
"CbMPDiCbraya","L1_H0","L7_H4",0.00244210195170161,0.386680195942307,0.263757483530014,0.065725538717193,0.281394679858785
"CbMPDiCbraya","L1_H0","L7_H5",0.00692778421609294,0.362994936402882,0.310360897972815,0.0614427392007793,0.258273642207431
"CbMPDiCbraya","L1_H0","L7_V1",0.0200724948764836,0.35131948932037,0.395712959546823,0.0668033478196457,0.166091708436678
"CbMPDiCbraya","L1_H0","L7_V2",0.00623792037161008,0.408620621585826,0.294299546937394,0.0909392053184916,0.199902705786678
"CbMPDiCbraya","L1_H0","L7_V3",0.00533761375542683,0.399843612872997,0.267644957858935,0.101720901215189,0.225452914297452
"CbMPDiCbraya","L1_H0","L7_V4",0.000571259581922743,0.397417050861414,0.314341830474146,0.07360011234288,0.214069746739637
"CbMPDiCbraya","L1_H0","L7_V5",0.00649083879602949,0.427581629533291,0.213073999602569,0.0929447313818027,0.259908800686308
"CbMPDiCbraya","L1_H0","L8_H0",0.0248566643847359,0.289859371395102,0.388485336814229,0.0546367623696461,0.242161865036286
"CbMPDiCbraya","L1_H0","L8_H1",0.0164206697545915,0.321677571545533,0.369265417990775,0.0740574346335086,0.218578906075592
"CbMPDiCbraya","L1_H0","L8_H2",0.00822702138199181,0.37152621577663,0.320248773161436,0.0717058577311243,0.228292131948819
"CbMPDiCbraya","L1_H0","L8_H3",0.00652147597898287,0.351392703801719,0.326615380184613,0.0749918970324303,0.240478543002255
"CbMPDiCbraya","L1_H0","L8_H4",0.0589385861165443,0.296407402432962,0.349098619879975,0.0726320152919433,0.222923376278575
"CbMPDiCbraya","L1_H0","L8_H5",0.0247959280288332,0.315706326850637,0.38504626506451,0.0469665089730062,0.227484971083013
"CbMPDiCbraya","L1_H0","L8_V1",0.00714443514929051,0.339931079834831,0.344578552764201,0.0712041155752865,0.237141816676391
"CbMPDiCbraya","L1_H0","L8_V2",0.0490127551555779,0.331713799407148,0.306228846121712,0.0914973321664869,0.221547267149075
"CbMPDiCbraya","L1_H0","L8_V3",0.0302889049905411,0.340539224678466,0.3349470160203,0.077058240830204,0.217166613480489
"CbMPDiCbraya","L1_H0","L8_V4",0.00417014894585378,0.361319161170878,0.338978208699137,0.0868673404276857,0.208665140756446
"CbMPDiCbraya","L1_H0","L8_V5",0.00635285291450316,0.366938330458081,0.315910517840222,0.0765736763732111,0.234224622413983
"CbMPDiCbraya","L1_H0","L9_H0",0.0373901815071568,0.263015867586814,0.407713713746092,0.0457913971235192,0.246088840036417
"CbMPDiCbraya","L1_H0","L9_H1",0.0507941499059815,0.300049385697921,0.395272342063272,0.0495435832924703,0.204340539040355
"CbMPDiCbraya","L1_H0","L9_H2",0.0381120181592982,0.286278109196305,0.450154598527023,0.0447907186095641,0.18066455550781
"CbMPDiCbraya","L1_H0","L9_H3",0.0378203413076928,0.310870685337985,0.38826610661049,0.0487719238373844,0.214270942906448
"CbMPDiCbraya","L1_H0","L9_H4",0.0303976936530778,0.259990891649754,0.438034336513314,0.0637370002878671,0.207840077895987
"CbMPDiCbraya","L1_H0","L9_H5",0.0327949653785135,0.243156326807954,0.461369427375473,0.068447018472143,0.194232261965917
"CbMPDiCbraya","L1_H0","L9_V1",0.0524332603214162,0.281202919042645,0.421204658735626,0.0488705418594225,0.196288620040891
"CbMPDiCbraya","L1_H0","L9_V2",0.0332516304777894,0.258291254583851,0.433289305983958,0.0393506514210246,0.235817157533377
"CbMPDiCbraya","L1_H0","L9_V3",0.0427198833827627,0.311584294884409,0.40045731068935,0.0414114681773644,0.203827042866114
"CbMPDiCbraya","L1_H0","L9_V4",0.0388488641099931,0.25462586944563,0.461936215553332,0.0422178446438606,0.202371206247184
"CbMPDiCbraya","L1_H0","L9_V5",0.045153399354522,0.257697606246592,0.441828527313759,0.0457373073882268,0.2095831596969
"CbMPDiCbraya","L1_H1","L1_H2",0.00221133828388236,0.469293539933338,0.152308716528364,0.129509328622679,0.246677076631737
"CbMPDiCbraya","L1_H1","L1_H3",0.006381512090603,0.4156151996152,0.27744607984608,0.145988467649074,0.154568740799044
"CbMPDiCbraya","L1_H1","L1_H4",0.00276873786478237,0.479197671489905,0.180453428467391,0.091444543885181,0.24613561829274
"CbMPDiCbraya","L1_H1","L1_H5",0.0107702328589693,0.379746376585752,0.35983784892401,0.0440688097667724,0.205576731864497
"CbMPDiCbraya","L1_H1","L1_V1",0.00174506196287747,0.464953168596818,0.249543518491463,0.120001608729672,0.16375664221917
"CbMPDiCbraya","L1_H1","L1_V2",0.000634358934764285,0.374368597551167,0.344818539643935,0.130911531581961,0.149266972288172
"CbMPDiCbraya","L1_H1","L1_V3",0.0104898264226052,0.364317333423512,0.325975910761992,0.153876829776921,0.14534009961497
"CbMPDiCbraya","L1_H1","L1_V4",0.00378306916221642,0.441918038138461,0.21589341249936,0.0764253172043928,0.26198016299557
"CbMPDiCbraya","L1_H1","L1_V5",0.00110302617828846,0.50334964317692,0.165400925302461,0.103315205707239,0.226831199635092
"CbMPDiCbraya","L1_H1","L10_H0",0.0379764451845451,0.331923341727459,0.365345855704276,0.0758769843948379,0.188877372988882
"CbMPDiCbraya","L1_H1","L10_H1",0.0483830066930564,0.259952187014428,0.422423140907425,0.0546118288366178,0.214629836548473
"CbMPDiCbraya","L1_H1","L10_H2",0.0423056788120071,0.323571741292545,0.397705494785431,0.0478588753536308,0.188558209756386
"CbMPDiCbraya","L1_H1","L10_H3",0.0318653694351717,0.309462641329054,0.392118165665377,0.0606027797935892,0.205951043776808
"CbMPDiCbraya","L1_H1","L10_H4",0.0563343498958829,0.322786123883724,0.388847140121493,0.0608467943553172,0.171185591743583
"CbMPDiCbraya","L1_H1","L10_H5",0.0696865996851467,0.317108898113889,0.361528399963902,0.0647498270312547,0.186926275205808
"CbMPDiCbraya","L1_H1","L10_V1",0.024961253507023,0.376555659840936,0.319874561118798,0.0754221285118021,0.20318639702144
"CbMPDiCbraya","L1_H1","L10_V2",0.0167869990494588,0.369812643219984,0.343324580177639,0.090401406392134,0.179674371160785
"CbMPDiCbraya","L1_H1","L10_V3",0.0545785837461383,0.40059416913018,0.283554518216683,0.0590520227442207,0.202220706162778
"CbMPDiCbraya","L1_H1","L10_V4",0.0136239610259677,0.3408493415169,0.313104142828558,0.0692645538036842,0.26315800082489
"CbMPDiCbraya","L1_H1","L10_V5",0.045129367684753,0.381257668897375,0.330136557066681,0.0590476130924466,0.184428793258745
"CbMPDiCbraya","L1_H1","L11_H0",0.00953218424384069,0.374585210871047,0.368718137746785,0.0744103782172601,0.172754088921067
"CbMPDiCbraya","L1_H1","L11_H1",0.00921480113854912,0.404860312331718,0.308414965253737,0.0962139241480114,0.181295997127984
"CbMPDiCbraya","L1_H1","L11_H2",0.00589075670498084,0.322057970717022,0.360813834154351,0.0676139641488779,0.243623474274767
"CbMPDiCbraya","L1_H1","L11_H3",0.00507363523633772,0.414910036419735,0.297562473677872,0.0622034909569049,0.22025036370915
"CbMPDiCbraya","L1_H1","L11_H4",0.0131425725361902,0.375001566559206,0.365294386231297,0.0593549828376149,0.187206491835693
"CbMPDiCbraya","L1_H1","L11_H5",0.0354148916079447,0.326436544044445,0.366672237463659,0.078047608376545,0.193428718507406
"CbMPDiCbraya","L1_H1","L11_V1",0.00502952933591231,0.398357606459734,0.324811568573271,0.0572662798194713,0.214535015811612
"CbMPDiCbraya","L1_H1","L11_V2",0.0269885339178561,0.37210537289218,0.356401933067537,0.0643357991450779,0.18016836097735
"CbMPDiCbraya","L1_H1","L11_V3",0.0179159400643128,0.417018736680382,0.299228275145302,0.072501931703409,0.193335116406594
"CbMPDiCbraya","L1_H1","L11_V4",0.00535496841944677,0.399353964544248,0.306901843564032,0.0845431843484836,0.203846039123789
"CbMPDiCbraya","L1_H1","L11_V5",0.0196723889538599,0.350315099717202,0.330407556806606,0.0668177477066458,0.232787206815686
"CbMPDiCbraya","L1_H1","L12_H0",0.0116414046209839,0.360622009437834,0.358173066750934,0.0459979051799903,0.223565614010258
"CbMPDiCbraya","L1_H1","L12_H1",0.015528983762463,0.351806022445021,0.361783480980742,0.0493580360974007,0.221523476714373
"CbMPDiCbraya","L1_H1","L12_H2",0.00716482964972635,0.351920315953063,0.383893125087838,0.0554318140618667,0.201589915247505
"CbMPDiCbraya","L1_H1","L12_H3",0.0590947351853823,0.367727396925702,0.276712245288227,0.0299697936047187,0.26649582899597
"CbMPDiCbraya","L1_H1","L12_H4",0.0142456064579156,0.340906138398596,0.354901631372895,0.0555892554152619,0.234357368355332
"CbMPDiCbraya","L1_H1","L12_H5",0.0138148674070029,0.363224280252789,0.355492743144955,0.0419958561979316,0.225472252997321
"CbMPDiCbraya","L1_H1","L12_V1",0.0270691182916439,0.379806685085866,0.296874359391083,0.0563801358292826,0.239869701402125
"CbMPDiCbraya","L1_H1","L12_V2",0.0598752699365739,0.348315735069334,0.331416183853779,0.0619992957273228,0.19839351541299
"CbMPDiCbraya","L1_H1","L12_V3",0.0178544846361944,0.387689895260472,0.356342623049581,0.0516994402990427,0.18641355675471
"CbMPDiCbraya","L1_H1","L12_V4",0.00808867301391348,0.39862623338175,0.315871999856301,0.0570984541751478,0.220314639572888
"CbMPDiCbraya","L1_H1","L12_V5",0.0058384407957814,0.352535354745925,0.366246748162352,0.0669755526259721,0.208403903669969
"CbMPDiCbraya","L1_H1","L2_H0",0.00826084199320872,0.346327862658585,0.35604348694828,0.0828009230152428,0.206566885384684
"CbMPDiCbraya","L1_H1","L2_H1",0.015208323030026,0.420377592583743,0.301218018309457,0.086553226293305,0.176642839783469
"CbMPDiCbraya","L1_H1","L2_H2",0.00420347837740699,0.38380966188872,0.336892526057372,0.0756220869858327,0.199472246690668
"CbMPDiCbraya","L1_H1","L2_H3",0.00223999446993459,0.363861368172745,0.349438390750966,0.0706860080704392,0.213774238535915
"CbMPDiCbraya","L1_H1","L2_H4",0.0196692483478476,0.346186350441603,0.375181051201285,0.0795691927614107,0.179394157247854
"CbMPDiCbraya","L1_H1","L2_H5",0.0111547224017812,0.310562895927602,0.398459584859585,0.0759898872369461,0.203832909574086
"CbMPDiCbraya","L1_H1","L2_V1",0.0118263208585976,0.370290500628193,0.33281008558951,0.0819864793300041,0.203086613593696
"CbMPDiCbraya","L1_H1","L2_V2",0.0563850670548249,0.382955614730014,0.302148748525761,0.0819037210243902,0.176606848665009
"CbMPDiCbraya","L1_H1","L2_V3",0.00848038496418843,0.38193313893,0.325107924785122,0.0774276293702081,0.207050921950481
"CbMPDiCbraya","L1_H1","L2_V4",0.0041007595908898,0.397009758131878,0.335862232152794,0.0873750901639645,0.175652159960473
"CbMPDiCbraya","L1_H1","L2_V5",0.00326188320899115,0.356825209576906,0.326907036039292,0.0827277441592611,0.23027812701555
"CbMPDiCbraya","L1_H1","L3_H0",0.00501707396712635,0.322911007840985,0.363374092502613,0.0601078318587122,0.248589993830563
"CbMPDiCbraya","L1_H1","L3_H1",0.00821493111130512,0.361608802426382,0.352519925824611,0.0690001542356604,0.208656186402041
"CbMPDiCbraya","L1_H1","L3_H2",0.015211670285234,0.359993709859054,0.307525239750368,0.0821088776599715,0.235160502445373
"CbMPDiCbraya","L1_H1","L3_H3",0.0103211103442988,0.318578084502722,0.36874902231424,0.0524089665925415,0.249942816246198
"CbMPDiCbraya","L1_H1","L3_H4",0.00554092125234751,0.380065058784184,0.270508129132258,0.0629418586478351,0.280944032183376
"CbMPDiCbraya","L1_H1","L3_H5",0.00532832063250526,0.369963271862131,0.351120651828235,0.0881101876341034,0.185477568043026
"CbMPDiCbraya","L1_H1","L3_V1",0.0068431127744897,0.287609917088958,0.361020387992728,0.0705503761943445,0.27397620594948
"CbMPDiCbraya","L1_H1","L3_V2",0.0026532895357016,0.405547013567114,0.245835521039541,0.0734205921381801,0.272543583719463
"CbMPDiCbraya","L1_H1","L3_V3",0.00605224358355692,0.301581946776819,0.357405225806037,0.0762675558643941,0.258693027969193
"CbMPDiCbraya","L1_H1","L3_V4",0.00789764654045452,0.329077757021597,0.416545338416777,0.069408967398231,0.17707029062294
"CbMPDiCbraya","L1_H1","L3_V5",0.00783493457639401,0.329187812882732,0.384680115649385,0.0643250107600616,0.213972126131428
"CbMPDiCbraya","L1_H1","L4_H0",0.00750948313825147,0.324655217002275,0.309103850868262,0.0725491889587313,0.286182260032481
"CbMPDiCbraya","L1_H1","L4_H1",0.00585849446861624,0.382228129223284,0.26124051169469,0.0724314033266665,0.278241461286743
"CbMPDiCbraya","L1_H1","L4_H2",0.00391030839347671,0.391538471209758,0.281887595352942,0.0917408237527049,0.230922801291118
"CbMPDiCbraya","L1_H1","L4_H3",0.00463707176719042,0.367213049454403,0.280361330912909,0.075491156233595,0.272297391631903
"CbMPDiCbraya","L1_H1","L4_H4",0.0054913618503006,0.320616998120401,0.333279550022545,0.0552609779946576,0.285351112012096
"CbMPDiCbraya","L1_H1","L4_H5",0.00980588743421031,0.365166527942352,0.282032047885578,0.0894458178793805,0.253549718858479
"CbMPDiCbraya","L1_H1","L4_V1",0.0221144522662355,0.387005212881798,0.248364978284717,0.0703192787928302,0.272196077774419
"CbMPDiCbraya","L1_H1","L4_V2",0.00412278056103773,0.369741571782805,0.274370554796485,0.0758657152978088,0.275899377561864
"CbMPDiCbraya","L1_H1","L4_V3",0.0034437557400371,0.394049713973576,0.262313153613897,0.0870488211789611,0.253144555493528
"CbMPDiCbraya","L1_H1","L4_V4",0.0055798725070319,0.330846886881793,0.288708385984254,0.0706922783360896,0.304172576290831
"CbMPDiCbraya","L1_H1","L4_V5",0.00459433391574077,0.394154559992792,0.271031579032045,0.0827180996785497,0.247501427380872
"CbMPDiCbraya","L1_H1","L5_H0",0.0133636936275505,0.297440755785282,0.384584204707425,0.0980178552059237,0.206593490673819
"CbMPDiCbraya","L1_H1","L5_H1",0.00633948485256419,0.389454280634196,0.325493889854271,0.0899067326831313,0.188805611975838
"CbMPDiCbraya","L1_H1","L5_H2",0.0117136780785803,0.272750286010932,0.440760985484711,0.0966711117956792,0.178103938630098
"CbMPDiCbraya","L1_H1","L5_H3",0.00861050458389421,0.404122747835554,0.294642047268421,0.0979876226274455,0.194637077684686
"CbMPDiCbraya","L1_H1","L5_H4",0.0143468494807944,0.386863487582754,0.287211521472072,0.0636691811077132,0.247908960356667
"CbMPDiCbraya","L1_H1","L5_H5",0.007561397636797,0.388536903494092,0.288918018155079,0.107898290988387,0.207085389725645
"CbMPDiCbraya","L1_H1","L5_V1",0.00943201853986887,0.253546718839162,0.436060927692182,0.101721496698459,0.199238838230328
"CbMPDiCbraya","L1_H1","L5_V2",0.00866024886125138,0.350813273754385,0.343811833751153,0.0799930147681751,0.216721628865036
"CbMPDiCbraya","L1_H1","L5_V3",0.00966501790226437,0.342489813757915,0.312684134788929,0.0776622881727983,0.257498745378094
"CbMPDiCbraya","L1_H1","L5_V4",0.00680161647686067,0.34937344049828,0.367707151943157,0.0592155069078712,0.216902284173831
"CbMPDiCbraya","L1_H1","L5_V5",0.0087794601117839,0.398606553643756,0.312725483680319,0.11002834022845,0.169860162335691
"CbMPDiCbraya","L1_H1","L6_H0",0.00138259543312164,0.375868252800913,0.304816836434233,0.0937155609333734,0.224216754398359
"CbMPDiCbraya","L1_H1","L6_H1",0.00718438848819717,0.415256113712092,0.244884569853923,0.0942761539218581,0.238398774023929
"CbMPDiCbraya","L1_H1","L6_H2",0.00256184440823224,0.394255271893295,0.305031927092764,0.0928584947794073,0.205292461826302
"CbMPDiCbraya","L1_H1","L6_H3",0.00406200879139381,0.49803172518576,0.143979208534026,0.0766294605900617,0.277297596898759
"CbMPDiCbraya","L1_H1","L6_H4",0.00441865421977154,0.361462150636452,0.336095181665014,0.0935940071102082,0.204430006368554
"CbMPDiCbraya","L1_H1","L6_H5",0.010488084059915,0.412383025425279,0.293702538463102,0.0864878320427616,0.196938520008943
"CbMPDiCbraya","L1_H1","L6_V1",0.00908589742343061,0.337733498319347,0.339294920764576,0.0882704363863849,0.225615247106262
"CbMPDiCbraya","L1_H1","L6_V2",0.00396767779071927,0.432910479791586,0.269672269768122,0.0826188079201904,0.210830764729382
"CbMPDiCbraya","L1_H1","L6_V3",0.00299643364963292,0.435209599257131,0.244082536780709,0.0786700037723804,0.239041426540147
"CbMPDiCbraya","L1_H1","L6_V4",0.00693214456907295,0.350160848923981,0.30121079426306,0.0789507816471426,0.262745430596743
"CbMPDiCbraya","L1_H1","L6_V5",0.0123235090820829,0.406482442433449,0.236342597919288,0.0835126129977274,0.261338837567452
"CbMPDiCbraya","L1_H1","L7_H0",0.00529101185858362,0.402883495265187,0.303568815496201,0.0986749024098908,0.189581774970138
"CbMPDiCbraya","L1_H1","L7_H1",0.00552139050229503,0.433080452768895,0.235653659350142,0.0713660858404577,0.254378411538211
"CbMPDiCbraya","L1_H1","L7_H2",0.00083803880787121,0.361637034349884,0.304138911864052,0.0942025957903053,0.239183419187888
"CbMPDiCbraya","L1_H1","L7_H3",0.00512997237485127,0.416262702970301,0.309415926977888,0.0784475604672333,0.190743837209726
"CbMPDiCbraya","L1_H1","L7_H4",0.00232953502561529,0.405875131847241,0.241433472331034,0.0788321436494097,0.2715297171467
"CbMPDiCbraya","L1_H1","L7_H5",0.00395199871825683,0.413804701250844,0.268910165825523,0.079271047481718,0.234062086723658
"CbMPDiCbraya","L1_H1","L7_V1",0.0269742522634938,0.296405215042897,0.408394813076858,0.0785474482786902,0.189678271338061
"CbMPDiCbraya","L1_H1","L7_V2",0.00455822974137983,0.432004265155097,0.272054045718703,0.0885759810150943,0.202807478369726
"CbMPDiCbraya","L1_H1","L7_V3",0.00542371341907715,0.478677161206611,0.18684921724269,0.0799062376086625,0.24914367052296
"CbMPDiCbraya","L1_H1","L7_V4",0.00437872812847942,0.39720489225975,0.246426394870878,0.083521920746101,0.268468063994792
"CbMPDiCbraya","L1_H1","L7_V5",0.00526948671863259,0.451022587409967,0.212620799182598,0.106557361107586,0.224529765581216
"CbMPDiCbraya","L1_H1","L8_H0",0.0251935805223799,0.304883036999548,0.378232926769701,0.0549099027900404,0.236780552918331
"CbMPDiCbraya","L1_H1","L8_H1",0.0151387329767878,0.336861119994119,0.39167765341567,0.0525425422555488,0.203779951357875
"CbMPDiCbraya","L1_H1","L8_H2",0.00479430760810071,0.374686246685127,0.333011361758938,0.0667374297388294,0.220770654209005
"CbMPDiCbraya","L1_H1","L8_H3",0.00764746583129614,0.393451880803556,0.283356401660982,0.0725902351431402,0.242954016561025
"CbMPDiCbraya","L1_H1","L8_H4",0.064518442388946,0.35374000279712,0.276726874551723,0.0980735201245103,0.2069411601377
"CbMPDiCbraya","L1_H1","L8_H5",0.0119117629117103,0.281279877327785,0.429538187576513,0.0810831522079745,0.196187019976017
"CbMPDiCbraya","L1_H1","L8_V1",0.00599001590894985,0.45237628129114,0.234014355622197,0.0761386616881781,0.231480685489535
"CbMPDiCbraya","L1_H1","L8_V2",0.0585092792127076,0.402792408906303,0.226157804471482,0.0958097391922004,0.216730768217307
"CbMPDiCbraya","L1_H1","L8_V3",0.0336233554683828,0.367657393875685,0.283336302091536,0.079395337355002,0.235987611209394
"CbMPDiCbraya","L1_H1","L8_V4",0.00413182392497053,0.387927861425167,0.267975283498629,0.0812197822139362,0.258745248937297
"CbMPDiCbraya","L1_H1","L8_V5",0.0238071483009497,0.387467408470724,0.29582229421707,0.073125920354896,0.21977722865636
"CbMPDiCbraya","L1_H1","L9_H0",0.0378088179686909,0.253149413059736,0.447751690236709,0.0572877662658499,0.204002312469014
"CbMPDiCbraya","L1_H1","L9_H1",0.0722700734376528,0.269885035363282,0.404479975485182,0.0642544900975417,0.189110425616341
"CbMPDiCbraya","L1_H1","L9_H2",0.0377306032581518,0.288626675857019,0.422912686003266,0.0713722576689679,0.179357777212596
"CbMPDiCbraya","L1_H1","L9_H3",0.0257600788163785,0.28753046272683,0.43618707260705,0.0630609906426025,0.187461395207139
"CbMPDiCbraya","L1_H1","L9_H4",0.0202040476926777,0.320631436785277,0.386646610805955,0.0832262558433675,0.189291648872723
"CbMPDiCbraya","L1_H1","L9_H5",0.0276308028112066,0.265551192783071,0.449495521296282,0.0852809317448573,0.172041551364583
"CbMPDiCbraya","L1_H1","L9_V1",0.105738999953723,0.241573275024295,0.403185998889352,0.0654463950205933,0.184055331112037
"CbMPDiCbraya","L1_H1","L9_V2",0.027899548387815,0.332221724966406,0.36614379566167,0.0684261975474486,0.20530873343666
"CbMPDiCbraya","L1_H1","L9_V3",0.0250103509393832,0.340344602977667,0.377155335972271,0.0516172171018945,0.205872493008783
"CbMPDiCbraya","L1_H1","L9_V4",0.0314506602779424,0.303108901402885,0.418908257590726,0.069855372785352,0.176676807943094
"CbMPDiCbraya","L1_H1","L9_V5",0.0386175582776347,0.282742427158375,0.432376603989493,0.0597278614340329,0.186535549140464
"CbMPDiCbraya","L1_H2","L1_H3",0.00238120204153331,0.386390171979058,0.200442296665867,0.11481999343613,0.295966335877411
"CbMPDiCbraya","L1_H2","L1_H4",0.00359804285971445,0.468490243033599,0.166574870099053,0.0772813495260082,0.284055494481625
"CbMPDiCbraya","L1_H2","L1_H5",0.00841715746239567,0.447185411149246,0.298928321207104,0.0489478596481836,0.19652125053307
"CbMPDiCbraya","L1_H2","L1_V1",0.000471385358994823,0.513404336570051,0.154115135425316,0.142525383254842,0.189483759390796
"CbMPDiCbraya","L1_H2","L1_V2",0.0147039279298897,0.347899466428087,0.26933218758585,0.134733954383652,0.233330463672522
"CbMPDiCbraya","L1_H2","L1_V3",0.0247117262852222,0.347010739698339,0.269272851670758,0.137320162239832,0.221684520105849
"CbMPDiCbraya","L1_H2","L1_V4",0.00678418475773594,0.465723663718839,0.192531348224305,0.0606644092527108,0.274296394046409
"CbMPDiCbraya","L1_H2","L1_V5",0.00528416936054957,0.465151053055088,0.161209617341952,0.10534551812559,0.26300964211682
"CbMPDiCbraya","L1_H2","L10_H0",0.0188413604342725,0.387597181267818,0.317922180281284,0.046503638618734,0.229135639397891
"CbMPDiCbraya","L1_H2","L10_H1",0.0403597536311689,0.280621474924775,0.363858528063988,0.0287695417534519,0.286390701626616
"CbMPDiCbraya","L1_H2","L10_H2",0.0292853987028852,0.386020653762801,0.350092180092421,0.0349013078569503,0.199700459584942
"CbMPDiCbraya","L1_H2","L10_H3",0.0257550080584274,0.395450877222952,0.340289249183088,0.0310800602947287,0.207424805240803
"CbMPDiCbraya","L1_H2","L10_H4",0.0413925527103194,0.353105877109387,0.338185660774472,0.0385207248903631,0.228795184515459
"CbMPDiCbraya","L1_H2","L10_H5",0.0465356246524945,0.402702844057063,0.300698018347147,0.0372370806245126,0.212826432318783
"CbMPDiCbraya","L1_H2","L10_V1",0.0257267494428447,0.375436577309132,0.31572583988186,0.0404636763940469,0.242647156972116
"CbMPDiCbraya","L1_H2","L10_V2",0.011409722659453,0.396259043386712,0.314268473285441,0.0464407231619469,0.231622037506447
"CbMPDiCbraya","L1_H2","L10_V3",0.0264315004307653,0.413019351983907,0.298836785771323,0.0431683459598094,0.218544015854196
"CbMPDiCbraya","L1_H2","L10_V4",0.0128500803239437,0.40330932075412,0.303882539080891,0.0473126408658788,0.232645418975166
"CbMPDiCbraya","L1_H2","L10_V5",0.0328192899542466,0.356532266593126,0.333672604520991,0.0380250314600445,0.238950807471592
"CbMPDiCbraya","L1_H2","L11_H0",0.0128253400458986,0.376094236278951,0.315398117817806,0.0537416347011248,0.24194067115622
"CbMPDiCbraya","L1_H2","L11_H1",0.00763705385403664,0.447445840822254,0.275679130026965,0.0332931700681749,0.235944805228569
"CbMPDiCbraya","L1_H2","L11_H2",0.0108457431551434,0.353672163440876,0.350146978628776,0.0264225825276377,0.258912532247567
"CbMPDiCbraya","L1_H2","L11_H3",0.00376131638917842,0.421527557587413,0.282183664042892,0.0286064050173097,0.263921056963206
"CbMPDiCbraya","L1_H2","L11_H4",0.0164203953695459,0.399050220064862,0.307103197101042,0.0260257954472613,0.251400392017289
"CbMPDiCbraya","L1_H2","L11_H5",0.0193060827101577,0.373849172456736,0.311155969162585,0.0396111058181756,0.256077669852346
"CbMPDiCbraya","L1_H2","L11_V1",0.0208298971276623,0.401979752506576,0.320976353383235,0.0440356293520986,0.212178367630428
"CbMPDiCbraya","L1_H2","L11_V2",0.0223040110728491,0.40767120327282,0.306577791856792,0.0306253732327594,0.232821620564779
"CbMPDiCbraya","L1_H2","L11_V3",0.0114617291712413,0.432679027734194,0.277639648203171,0.0458011168924112,0.232418477998983
"CbMPDiCbraya","L1_H2","L11_V4",0.0159406381814312,0.438139843662455,0.242327322374712,0.052931082415761,0.250661113365641
"CbMPDiCbraya","L1_H2","L11_V5",0.00811984811373091,0.412592785496769,0.265969986233316,0.0309249264855677,0.282392453670616
"CbMPDiCbraya","L1_H2","L12_H0",0.0196681378221902,0.421688803740728,0.283406959820701,0.0387262499852938,0.236509848631088
"CbMPDiCbraya","L1_H2","L12_H1",0.0209432655956304,0.413464759039779,0.30376885912689,0.0454761223877583,0.216346993849942
"CbMPDiCbraya","L1_H2","L12_H2",0.0110102254353651,0.443267749726721,0.283990371371671,0.0428258144347731,0.21890583903147
"CbMPDiCbraya","L1_H2","L12_H3",0.0273565587626327,0.45880884413735,0.2573544529102,0.0339601542466631,0.222519989943155
"CbMPDiCbraya","L1_H2","L12_H4",0.0113682473086122,0.418429142618079,0.308823371849574,0.0426001718303305,0.218779066393404
"CbMPDiCbraya","L1_H2","L12_H5",0.0180371547595966,0.404096330974185,0.293647563852005,0.0257616136015986,0.258457336812615
"CbMPDiCbraya","L1_H2","L12_V1",0.0149470457013807,0.437421341621787,0.285845306253272,0.0405216290621763,0.221264677361384
"CbMPDiCbraya","L1_H2","L12_V2",0.0126744078652656,0.435454755076729,0.262983137392606,0.0376025788742246,0.251285120791175
"CbMPDiCbraya","L1_H2","L12_V3",0.0189059701856974,0.432628616840725,0.279195147989936,0.0348411600395916,0.234429104944051
"CbMPDiCbraya","L1_H2","L12_V4",0.00848111733877061,0.442073661691385,0.254102151639874,0.0339332644620931,0.261409804867877
"CbMPDiCbraya","L1_H2","L12_V5",0.0135261126977986,0.396465428895697,0.313194661030431,0.0420769446937551,0.234736852682318
"CbMPDiCbraya","L1_H2","L2_H0",0.009911548812865,0.408928373615947,0.252008005317386,0.0533425426438507,0.275809529609951
"CbMPDiCbraya","L1_H2","L2_H1",0.0165112458747715,0.351674106098436,0.339915723709199,0.0582348033353577,0.233664120982236
"CbMPDiCbraya","L1_H2","L2_H2",0.0121455904768062,0.355045190980402,0.340949379251742,0.0490955683129042,0.242764270978146
"CbMPDiCbraya","L1_H2","L2_H3",0.0113958676908344,0.352731080306157,0.322052243664938,0.0674750904920289,0.246345717846042
"CbMPDiCbraya","L1_H2","L2_H4",0.0297173718979284,0.365894821347585,0.331398292285883,0.0490736402831003,0.223915874185503
"CbMPDiCbraya","L1_H2","L2_H5",0.0135638168650467,0.34425773071202,0.323643409816176,0.0363778422068539,0.282157200399903
"CbMPDiCbraya","L1_H2","L2_V1",0.0144684220584938,0.366281783439172,0.325032168865903,0.0545347980563282,0.239682827580103
"CbMPDiCbraya","L1_H2","L2_V2",0.0282168838008389,0.334441837785219,0.348796693745462,0.0571739363016665,0.231370648366814
"CbMPDiCbraya","L1_H2","L2_V3",0.0106302012537697,0.374327110942641,0.321766971614447,0.0575280865919084,0.235747629597235
"CbMPDiCbraya","L1_H2","L2_V4",0.0150165618881504,0.38012210796866,0.309751145704031,0.0590986190396631,0.236011565399495
"CbMPDiCbraya","L1_H2","L2_V5",0.00741651675666891,0.37747510787647,0.293890872828985,0.0549739737501533,0.266243528787723
"CbMPDiCbraya","L1_H2","L3_H0",0.0102684704922143,0.38001790187709,0.316220984867745,0.03342642961157,0.260066213151381
"CbMPDiCbraya","L1_H2","L3_H1",0.00551073477965071,0.332855539386667,0.349616062680453,0.0463832695313723,0.265634393621857
"CbMPDiCbraya","L1_H2","L3_H2",0.0151174935789354,0.377970062152783,0.298444993239981,0.0385803156965761,0.269887135331724
"CbMPDiCbraya","L1_H2","L3_H3",0.0143448959752395,0.413036442855496,0.291753733466336,0.0362528673593544,0.244612060343573
"CbMPDiCbraya","L1_H2","L3_H4",0.0189238597585208,0.384867414912508,0.239144591467422,0.0642356082106104,0.292828525650938
"CbMPDiCbraya","L1_H2","L3_H5",0.00669510340173078,0.382132988914385,0.297802912813859,0.0599768948825498,0.253392099987476
"CbMPDiCbraya","L1_H2","L3_V1",0.00872691416411887,0.354156658100566,0.284257490307396,0.0403679684221566,0.312490969005762
"CbMPDiCbraya","L1_H2","L3_V2",0.00453975216642457,0.412350087204207,0.185918492802409,0.0497091786694713,0.347482489157489
"CbMPDiCbraya","L1_H2","L3_V3",0.0115380759532173,0.39197276515207,0.261418015788202,0.0531339673435681,0.281937175762943
"CbMPDiCbraya","L1_H2","L3_V4",0.00738573940894858,0.407379127289813,0.326487726659524,0.0484509158459172,0.210296490795796
"CbMPDiCbraya","L1_H2","L3_V5",0.00801928852038114,0.345577663765115,0.356691025709102,0.0481552993454477,0.241556722659954
