"Method","samp1","samp2","HeS","HoS","DL","HD","DR"
"CbMPDiCbraya","L1_H0","L1_H1",0.00260809110961589,0.656438525401408,0.25262732583218,0.0178999642494171,0.0704260934073795
"CbMPDiCbraya","L1_H0","L1_H2",0.00033638236082937,0.362678539986747,0.417986561603284,0.0263959456238945,0.192602570425245
"CbMPDiCbraya","L1_H0","L1_H3",0,0.628205393572361,0.270887908222523,0.0304031068053528,0.0705035913997633
"CbMPDiCbraya","L1_H0","L1_H4",0,0.739588784076943,0.00696404072358983,0.0256904888139786,0.227756686385488
"CbMPDiCbraya","L1_H0","L1_H5",0,0.627837384180282,0.163702542250558,0.0274556617922736,0.181004411776886
"CbMPDiCbraya","L1_H0","L1_V1",0.00215609211237972,0.333410578718802,0.459318186926767,0.034797392937857,0.170317749304194
"CbMPDiCbraya","L1_H0","L1_V2",0,0.674712310454429,0.174793766617184,0.0682407927553098,0.0822531301730769
"CbMPDiCbraya","L1_H0","L1_V3",0,0.554419348614845,0.305932580322103,0.0620987027883176,0.077549368274735
"CbMPDiCbraya","L1_H0","L1_V4",0,0.489007612189802,0.331328260340141,0.02810504912058,0.151559078349476
"CbMPDiCbraya","L1_H0","L1_V5",0,0.545118039155657,0.301229741378306,0.0310457189782701,0.122606500487767
"CbMPDiCbraya","L1_H0","L10_H0",0,0.228661204493619,0.56488446920044,0.0397040281515236,0.166750298154417
"CbMPDiCbraya","L1_H0","L10_H1",0,0.232295488300831,0.573195270623783,0.0293166080365084,0.165192633038877
"CbMPDiCbraya","L1_H0","L10_H2",0,0.130265501059938,0.671540657265235,0.0432365017229556,0.154957339951871
"CbMPDiCbraya","L1_H0","L10_H3",0,0.57189315186613,0.183083950973138,0.0298745041823837,0.215148392978349
"CbMPDiCbraya","L1_H0","L10_H4",0.000538611366233433,0.356673600486693,0.467319466919977,0.0219838369816447,0.153484484245452
"CbMPDiCbraya","L1_H0","L10_H5",0.000478508095488386,0.151051094242184,0.649268741886001,0.0229951816928363,0.176206474083491
"CbMPDiCbraya","L1_H0","L10_V1",0.13116856908222,0.0637246718407205,0.424667196565659,0.0373547143303927,0.343084848181007
"CbMPDiCbraya","L1_H0","L10_V2",0,0.0685565842742552,0.624525150226406,0.0229499858807854,0.283968279618553
"CbMPDiCbraya","L1_H0","L10_V3",0.00821208562028494,0.129751494567873,0.729704167034115,0.0147034049597148,0.117628847818013
"CbMPDiCbraya","L1_H0","L10_V4",0.00505215636594351,0.274780859470457,0.530795850186154,0.0148013981530019,0.174569735824443
"CbMPDiCbraya","L1_H0","L10_V5",0.0467078843321188,0.240222329636222,0.49890150425271,0.0147669798380222,0.199401301940927
"CbMPDiCbraya","L1_H0","L11_H0",0.0162967348461304,0.140277416045034,0.675662491544244,0.00812060339279919,0.159642754171792
"CbMPDiCbraya","L1_H0","L11_H1",0.00775138535852356,0.221629682300257,0.561998836028646,0.0229661343526958,0.185653961959878
"CbMPDiCbraya","L1_H0","L11_H2",0.0173018274266054,0.214887548109135,0.535632639898555,0.0226480002696284,0.209529984296077
"CbMPDiCbraya","L1_H0","L11_H3",0.130502853240101,0.087307128913136,0.567279459218185,0.0154390949384662,0.199471463690112
"CbMPDiCbraya","L1_H0","L11_H4",0.00526060397193667,0.202399618832787,0.580265100315995,0.0173056097272518,0.194769067152029
"CbMPDiCbraya","L1_H0","L11_H5",0.110009633134879,0.1591909638984,0.551121419253075,0.0168594903433376,0.162818493370309
"CbMPDiCbraya","L1_H0","L11_V1",0.0388749008754243,0.0157431140427381,0.630189852492836,0.0797283897392519,0.235463742849749
"CbMPDiCbraya","L1_H0","L11_V2",0.0337621175755214,0.0357651264493812,0.725395776173749,0.00971210785919007,0.195364871942158
"CbMPDiCbraya","L1_H0","L11_V3",0.0160677273397786,0.0517712911183531,0.652926843951323,0.0649645632993898,0.214269574291155
"CbMPDiCbraya","L1_H0","L11_V4",0.092365670022499,0.0636003691062718,0.550028116904023,0.0477823949931158,0.24622344897409
"CbMPDiCbraya","L1_H0","L11_V5",0,0.232753383447674,0.556857585049964,0.020247958747168,0.190141072755194
"CbMPDiCbraya","L1_H0","L12_H0",0.0476135547083166,0.0448645966879868,0.674299350295848,0.0432070216786455,0.190015476629203
"CbMPDiCbraya","L1_H0","L12_H1",0.0604221626984629,0.0699532026176153,0.703091710784342,0.0554680390483434,0.111064884851236
"CbMPDiCbraya","L1_H0","L12_H2",0.042533816169663,0.00167355349797035,0.614053260858159,0.0133502596353616,0.328389109838846
"CbMPDiCbraya","L1_H0","L12_H3",0.0423481385709751,0.0313567039143339,0.737157410296268,0.0389214662906859,0.150216280927737
"CbMPDiCbraya","L1_H0","L12_H4",0.0751346529732164,0.0555649164509413,0.715687287898857,0.00932937316254282,0.144283769514443
"CbMPDiCbraya","L1_H0","L12_H5",0.0419210769290006,0.0976628597521043,0.603560486232502,0.0102995386758076,0.246556038410586
"CbMPDiCbraya","L1_H0","L12_V1",0.0653777516969708,0,0.756075852829019,0.0429340101492813,0.135612385324729
"CbMPDiCbraya","L1_H0","L12_V2",0.0328630212211958,0.10067726975877,0.727994051467013,0.0220040211859216,0.116461636367099
"CbMPDiCbraya","L1_H0","L12_V3",0.0446093488973872,0.0815641432650809,0.57139264691595,0.0137071885200115,0.28872667240157
"CbMPDiCbraya","L1_H0","L12_V4",0.0618188612539908,0.132493615310298,0.555736053119938,0.0764154426091215,0.173536027706651
"CbMPDiCbraya","L1_H0","L12_V5",0.0450412060293441,0.0905804022407056,0.621062225546563,0.0130312093554947,0.230284956827893
"CbMPDiCbraya","L1_H0","L2_H0",0.164035357519446,0.124978124836793,0.511739914728242,0.020292425979557,0.178954176935961
"CbMPDiCbraya","L1_H0","L2_H1",0.0739483063584076,0.27368590247834,0.45009498287409,0.0145909568951802,0.187679851393982
"CbMPDiCbraya","L1_H0","L2_H2",0.0187081762805444,0.172142656313829,0.628149973642866,0.0178625444955794,0.163136649267181
"CbMPDiCbraya","L1_H0","L2_H3",0,0.112532259096085,0.686379771305375,0.0277898396800194,0.173298129918521
"CbMPDiCbraya","L1_H0","L2_H4",0.0336930559941576,0.556633165642677,0.139103474950063,0.0342107271497131,0.23635957626339
"CbMPDiCbraya","L1_H0","L2_H5",0.0432849201665019,0.262643263982674,0.481925687879103,0.0157361817520305,0.196409946219691
"CbMPDiCbraya","L1_H0","L2_V1",0.0633943993780455,0.322797667384711,0.396644438497992,0.0173044377699728,0.199859056969279
"CbMPDiCbraya","L1_H0","L2_V2",0.0975123504186453,0.342015389357506,0.289125515676477,0.0257837103183023,0.24556303422907
"CbMPDiCbraya","L1_H0","L2_V3",0.0617166417928616,0.333439726690784,0.390191936893264,0.0225642959849231,0.192087398638168
"CbMPDiCbraya","L1_H0","L2_V4",0.107532865960577,0.394754766841676,0.245281307410813,0.0296376879353621,0.222793371851572
"CbMPDiCbraya","L1_H0","L2_V5",0.00600958721691441,0.320905838675539,0.475240151117297,0.0102112576891771,0.187633165301073
"CbMPDiCbraya","L1_H0","L3_H0",0.00216990734289752,0.407879977663541,0.420781617734535,0.0122482574014199,0.156920239857607
"CbMPDiCbraya","L1_H0","L3_H1",0.00146238221745587,0.251607857018811,0.497188945842785,0.0117020936057742,0.238038721315174
"CbMPDiCbraya","L1_H0","L3_H2",0,0.323101882002189,0.451880551429523,0.026967430182496,0.198050136385793
"CbMPDiCbraya","L1_H0","L3_H3",0.000682769503316558,0.452159501333026,0.300987881731972,0.0143945922883565,0.231775255143329
"CbMPDiCbraya","L1_H0","L3_H4",0.00557374488268875,0.531922845444839,0.25479466719933,0.0134731407295845,0.194235601743558
"CbMPDiCbraya","L1_H0","L3_H5",0,0.411930754831481,0.293450226173237,0.0144031646053007,0.280215854389981
"CbMPDiCbraya","L1_H0","L3_V1",0,0.424205539628991,0.299050165282066,0.021552722521972,0.255191572566971
"CbMPDiCbraya","L1_H0","L3_V2",0.00203627266057646,0.355199733023901,0.420483935691561,0.0185431005669009,0.20373695805706
"CbMPDiCbraya","L1_H0","L3_V3",0.00227619364530568,0.416039286192889,0.317408462780768,0.020649717179227,0.24362634020181
"CbMPDiCbraya","L1_H0","L3_V4",0.00361400192065468,0.386440223780949,0.398629433811486,0.0217331378330798,0.18958320265383
"CbMPDiCbraya","L1_H0","L3_V5",0,0.462247603967003,0.348741057326902,0.0214583822239158,0.167552956482179
"CbMPDiCbraya","L1_H0","L4_H0",0.0451007822567401,0.289062654368426,0.447542050950936,0.0144937713581655,0.203800741065732
"CbMPDiCbraya","L1_H0","L4_H1",0.0342433378773118,0.327242113987615,0.416382533760043,0.0135095754145472,0.208622438960483
"CbMPDiCbraya","L1_H0","L4_H2",0.033406133786997,0.219188253091851,0.606754895823505,0.0240411838186999,0.116609533478947
"CbMPDiCbraya","L1_H0","L4_H3",0.0496449201954761,0.368923513475802,0.351638100468704,0.0251957136708336,0.204597752189184
"CbMPDiCbraya","L1_H0","L4_H4",0.0393780389241445,0.292397971057747,0.480087179989264,0.0125756643403226,0.175561145688523
"CbMPDiCbraya","L1_H0","L4_H5",0.0483439332626598,0.251420384557996,0.488912471580425,0.00952607054895283,0.201797140049967
"CbMPDiCbraya","L1_H0","L4_V1",0.0693876134095202,0.346771607494122,0.323468138562711,0.0177577532620552,0.242614887271591
"CbMPDiCbraya","L1_H0","L4_V2",0.0016966773794017,0.516331640714156,0.230198918636373,0.0216297124660992,0.230143050803971
"CbMPDiCbraya","L1_H0","L4_V3",0,0.37059011120596,0.307564679905793,0.0232671134022798,0.298578095485966
"CbMPDiCbraya","L1_H0","L4_V4",0.035345387844878,0.262228951372639,0.428877830900156,0.0209812756380371,0.25256655424429
"CbMPDiCbraya","L1_H0","L4_V5",0.0328294938040296,0.259283337424154,0.448303150224321,0.0403798384681366,0.219204180079358
"CbMPDiCbraya","L1_H0","L5_H0",0,0.39614805520097,0.459302280811211,0.0212701057276874,0.123279558260132
"CbMPDiCbraya","L1_H0","L5_H1",0.000465462688032766,0.0539089634955584,0.64645244628882,0.0235221246709692,0.27565100285662
"CbMPDiCbraya","L1_H0","L5_H2",0,0.224616357096637,0.373721415926481,0.00607320038895793,0.395589026587924
"CbMPDiCbraya","L1_H0","L5_H3",0.0100872648801238,0.421110532484168,0.324691151402984,0.0107808872777228,0.233330163955001
"CbMPDiCbraya","L1_H0","L5_H4",0.0428647149450426,0.346275403642602,0.431059195346593,0.0232279523420381,0.156572733723725
"CbMPDiCbraya","L1_H0","L5_H5",0.0314956709156909,0.55041692696459,0.163263385241395,0.019649162078033,0.235174854800291
"CbMPDiCbraya","L1_H0","L5_V1",0.0334463867573854,0.421026224332508,0.32652639393877,0.0134098652310704,0.205591129740266
"CbMPDiCbraya","L1_H0","L5_V2",0.0196982154041006,0.320063414719503,0.430267607239532,0.0277314910776555,0.202239271559209
"CbMPDiCbraya","L1_H0","L5_V3",0.0405777778158973,0.277705213687051,0.473252351427339,0.0246657170131635,0.183798940056549
"CbMPDiCbraya","L1_H0","L5_V4",0.0303200835737878,0.184887819675006,0.553895884308234,0.0547568213763567,0.176139391066615
"CbMPDiCbraya","L1_H0","L5_V5",0,0.237795174429253,0.509544710769958,0.0171637666854411,0.235496348115349
"CbMPDiCbraya","L1_H0","L6_H0",0.00336608251190679,0.464354263135643,0.378986370702732,0.01535831208898,0.137934971560738
"CbMPDiCbraya","L1_H0","L6_H1",0,0.648863297542347,0.179107249626917,0.0163552987380285,0.155674154092708
"CbMPDiCbraya","L1_H0","L6_H2",0,0.800704206181337,0.0485399861216824,0.030134614526314,0.120621193170666
"CbMPDiCbraya","L1_H0","L6_H3",0.00628565044775484,0.764065776996512,0.0955847219806384,0.0186080292415661,0.115455821333529
"CbMPDiCbraya","L1_H0","L6_H4",0.0225606173086634,0.73791482350466,0.0747653917495947,0.0203621154900737,0.144397051947009
"CbMPDiCbraya","L1_H0","L6_H5",0,0.413750199150316,0.358947782110478,0.0516769105398725,0.175625108199333
"CbMPDiCbraya","L1_H0","L6_V1",0,0.576985269929594,0.259615163411307,0.0334440696034679,0.129955497055631
"CbMPDiCbraya","L1_H0","L6_V2",0,0.452467245522909,0.443561171571465,0.0184640788858147,0.0855075040198116
"CbMPDiCbraya","L1_H0","L6_V3",0,0.612040969926314,0.238269916307365,0.026128156305171,0.12356095746115
"CbMPDiCbraya","L1_H0","L6_V4",0,0.523402520907685,0.34398282207811,0.019469919398679,0.113144737615526
"CbMPDiCbraya","L1_H0","L6_V5",0,0.575173853907846,0.26409931530251,0.0253108387696163,0.135415992020028
"CbMPDiCbraya","L1_H0","L7_H0",0.00338833304110513,0.604941213285245,0.256613326146164,0.0145608472460187,0.120496280281467
"CbMPDiCbraya","L1_H0","L7_H1",0,0.638385210815925,0.213039301565384,0.0209297622776859,0.127645725341005
"CbMPDiCbraya","L1_H0","L7_H2",0,0.684900264257407,0.135199015659877,0.0182139127231714,0.161686807359545
"CbMPDiCbraya","L1_H0","L7_H3",0.0241141992350886,0.423479582450608,0.38780278831804,0.0119838557265223,0.152619574269742
"CbMPDiCbraya","L1_H0","L7_H4",0,0.436695338606928,0.450265769194347,0.0246859501527968,0.0883529420459286
"CbMPDiCbraya","L1_H0","L7_H5",0.000142493782140846,0.472149397395733,0.312779147249264,0.0496640086171162,0.165264952955747
"CbMPDiCbraya","L1_H0","L7_V1",0.000207652660048069,0.628645984974994,0.258031047763059,0.0148873053200313,0.0982280092818673
"CbMPDiCbraya","L1_H0","L7_V2",0.000142271657321745,0.735307862695412,0.150395640456723,0.0190968111654498,0.0950574140250934
"CbMPDiCbraya","L1_H0","L7_V3",0.00786535910126304,0.670614434372026,0.164680669224933,0.0273334919030851,0.129506045398692
"CbMPDiCbraya","L1_H0","L7_V4",0,0.537709002949645,0.334389203841567,0.019202576121233,0.108699217087556
"CbMPDiCbraya","L1_H0","L7_V5",0,0.727001578830463,0.103789906921477,0.0173369478297576,0.151871566418302
"CbMPDiCbraya","L1_H0","L8_H0",0,0.342938283836926,0.34073669878648,0.0192109447714972,0.297114072605097
"CbMPDiCbraya","L1_H0","L8_H1",0.00203278829420206,0.311771771518143,0.500089900730095,0.0610361856088035,0.125069353848757
"CbMPDiCbraya","L1_H0","L8_H2",0.0023482148163812,0.413397497082208,0.41004516853902,0.0295981406709277,0.144610978891464
"CbMPDiCbraya","L1_H0","L8_H3",0,0.162988527672936,0.644847124341072,0.0200702445012504,0.172094103484742
"CbMPDiCbraya","L1_H0","L8_H4",0,0.121168459137785,0.711352757785979,0.0232267351168455,0.14425204795939
"CbMPDiCbraya","L1_H0","L8_H5",0,0.415437480025328,0.403720494667207,0.00749808019364035,0.173343945113825
"CbMPDiCbraya","L1_H0","L8_V1",0.00310419643520081,0.622968368346688,0.131666418894806,0.058919219950692,0.183341796372614
"CbMPDiCbraya","L1_H0","L8_V2",0,0.20137229239457,0.62124600330897,0.029780484508465,0.147601219787995
"CbMPDiCbraya","L1_H0","L8_V3",0.000741122627322663,0.154043189619856,0.669642160746896,0.0347757704473824,0.140797756558543
"CbMPDiCbraya","L1_H0","L8_V4",0.047505452809404,0.395141020652197,0.424254400811993,0.032687156340465,0.100411969385941
"CbMPDiCbraya","L1_H0","L8_V5",0,0.408484632577767,0.365936514309322,0.0674495445457875,0.158129308567124
"CbMPDiCbraya","L1_H0","L9_H0",0.00376489683261634,0.10628824690086,0.740785495538826,0.032778179482795,0.116383181244903
"CbMPDiCbraya","L1_H0","L9_H1",0.0315509374806256,0.132121836573153,0.687898363929746,0.0419528070561275,0.106476054960348
"CbMPDiCbraya","L1_H0","L9_H2",0.0515823808997101,0.0831081365995327,0.609046851813315,0.0101506666140807,0.246111964073362
"CbMPDiCbraya","L1_H0","L9_H3",0.0780549724178073,0.073790271883281,0.627755380493297,0.0192076185944329,0.201191756611182
"CbMPDiCbraya","L1_H0","L9_H4",0.00989152253717531,0.156689171490614,0.612140590714839,0.046050491812414,0.175228223444957
"CbMPDiCbraya","L1_H0","L9_H5",0.0331918038229922,0.262222605703623,0.585443855513607,0.0575851717080622,0.0615565632517151
"CbMPDiCbraya","L1_H0","L9_V1",0.00320878050954644,0.109374372836047,0.628239580273414,0.0464552996426003,0.212721966738392
"CbMPDiCbraya","L1_H0","L9_V2",0.0288143515602373,0.153990995952915,0.55891980265749,0.0451544204476691,0.213120429381689
"CbMPDiCbraya","L1_H0","L9_V3",0,0.106793065990718,0.684762536794679,0.0714459063495315,0.136998490865071
"CbMPDiCbraya","L1_H0","L9_V4",0.00620544922428789,0.11863600521636,0.664561285132647,0.0413981146324739,0.169199145794231
"CbMPDiCbraya","L1_H0","L9_V5",0,0.0375678122742313,0.7259261642574,0.0448653104172534,0.191640713051115
"CbMPDiCbraya","L1_H1","L1_H2",0.000852362871884442,0.425136885853685,0.459974424127321,0.023484897569353,0.0905514295777563
"CbMPDiCbraya","L1_H1","L1_H3",0.00122173862706756,0.645064292993355,0.185274353666806,0.0476004915961736,0.120839123116598
"CbMPDiCbraya","L1_H1","L1_H4",0,0.352297075066951,0.527258471811394,0.0335273624753239,0.0869170906463314
"CbMPDiCbraya","L1_H1","L1_H5",0,0.333522388801016,0.558407951276156,0.0248229932310477,0.0832466666917798
"CbMPDiCbraya","L1_H1","L1_V1",0.000615442948809197,0.370186480515304,0.505014917934835,0.0311715462707859,0.0930116123302654
"CbMPDiCbraya","L1_H1","L1_V2",0,0.465051948409137,0.441062001254874,0.0580497157405477,0.0358363345954409
"CbMPDiCbraya","L1_H1","L1_V3",0,0.435680335679389,0.474024483792542,0.042366957532489,0.0479282229955795
"CbMPDiCbraya","L1_H1","L1_V4",0,0.511243506991922,0.357200866009075,0.0464508342092003,0.0851047927898035
"CbMPDiCbraya","L1_H1","L1_V5",0,0.564323615440787,0.347219472834973,0.0296694453363464,0.0587874663878941
"CbMPDiCbraya","L1_H1","L10_H0",0,0.0753039833603679,0.835709395140317,0.0330231159811792,0.0559635055181362
"CbMPDiCbraya","L1_H1","L10_H1",0,0.0460283285358894,0.798864343155446,0.0299809835081403,0.125126344800524
"CbMPDiCbraya","L1_H1","L10_H2",0.000269539573341455,0.147567529819452,0.768725598599087,0.0303518924426058,0.0530854395655135
"CbMPDiCbraya","L1_H1","L10_H3",0.000872981230903536,0.684437135249104,0.173761514158028,0.0198724846210641,0.1210558847409
"CbMPDiCbraya","L1_H1","L10_H4",0,0.389236653016176,0.496125235120922,0.0364521406140565,0.0781859712488454
"CbMPDiCbraya","L1_H1","L10_H5",0.00136311182003931,0.102474972979685,0.694728660608452,0.0153389017266645,0.186094352865159
"CbMPDiCbraya","L1_H1","L10_V1",0.128138532521883,0.0427332495571646,0.589536105877587,0.0463885647983202,0.193203547245045
"CbMPDiCbraya","L1_H1","L10_V2",0,0.116612744074883,0.415371204635762,0.0538885464900486,0.414127504799307
"CbMPDiCbraya","L1_H1","L10_V3",0.00518146156544698,0.119443213310676,0.759162214751158,0.0311463464622651,0.0850667639104542
"CbMPDiCbraya","L1_H1","L10_V4",0.00490213660482222,0.31408778203797,0.470313839607658,0.0340111902289577,0.176685051520592
"CbMPDiCbraya","L1_H1","L10_V5",0.0138818051020496,0.241856191469015,0.539056008822186,0.0402852348993289,0.16492075970742
"CbMPDiCbraya","L1_H1","L11_H0",0.00225866779510832,0.22793567243573,0.623701467305486,0.0237608631442626,0.122343329319413
"CbMPDiCbraya","L1_H1","L11_H1",0.0146395881006865,0.258561394505084,0.493582125123005,0.0425859959128232,0.190630896358401
"CbMPDiCbraya","L1_H1","L11_H2",0.0841458011717827,0.153219088929312,0.597882894516391,0.0240374895136344,0.140714725868879
"CbMPDiCbraya","L1_H1","L11_H3",0.00291322513701254,0.175034945787537,0.636708378055162,0.0307281169484054,0.154615334071883
"CbMPDiCbraya","L1_H1","L11_H4",0.0561261571112407,0.451368036305711,0.237068258711387,0.0227923814284782,0.232645166443183
"CbMPDiCbraya","L1_H1","L11_H5",0.0858361639208181,0.236334719111313,0.453980371491004,0.0303286574352416,0.193520088041623
"CbMPDiCbraya","L1_H1","L11_V1",0.0359507958398731,0.127442004209357,0.674879027367556,0.0664068560984851,0.095321316484729
"CbMPDiCbraya","L1_H1","L11_V2",0.0298642826370608,0.226708435831201,0.521817504744676,0.022309982482751,0.199299794304312
"CbMPDiCbraya","L1_H1","L11_V3",0.0136237147857554,0.119725243207197,0.663104921131249,0.0634018121995777,0.140144308676221
"CbMPDiCbraya","L1_H1","L11_V4",0.0888087971558423,0.151684604555279,0.591150874037662,0.0463810342821747,0.121974689969042
"CbMPDiCbraya","L1_H1","L11_V5",0.00147331873875952,0.192302582642333,0.636094235049291,0.0368620494564107,0.133267814113206
"CbMPDiCbraya","L1_H1","L12_H0",0.0151107972786284,0.137322471600723,0.631709332557395,0.0370070407558773,0.178850357807377
"CbMPDiCbraya","L1_H1","L12_H1",0.0284785849272777,0.18418782754602,0.597170520581039,0.0149110528533308,0.175252014092333
"CbMPDiCbraya","L1_H1","L12_H2",0.00616273385808474,0.138198768121527,0.483818940233119,0.0208507232461609,0.350968834541108
"CbMPDiCbraya","L1_H1","L12_H3",0.00940883874085692,0.216736077454319,0.539856346687902,0.0360148567580805,0.197983880358842
"CbMPDiCbraya","L1_H1","L12_H4",0.0279763770481806,0.189102498174332,0.560407632223521,0.0363413305437413,0.186172162010226
"CbMPDiCbraya","L1_H1","L12_H5",0.0125477508314494,0.0852102871145022,0.658286257004181,0.0550888412847397,0.188866863765127
"CbMPDiCbraya","L1_H1","L12_V1",0.00351416686810395,0.0893759509448194,0.683895367145628,0.0515121822804533,0.171702332760995
"CbMPDiCbraya","L1_H1","L12_V2",0.00882104411787793,0.162235545426331,0.39218308804616,0.0395296678328223,0.397230654576809
"CbMPDiCbraya","L1_H1","L12_V3",0.0208296635546944,0.140525118848066,0.499113227717575,0.0198666435418793,0.319665346337785
"CbMPDiCbraya","L1_H1","L12_V4",0.00131805486309735,0.351453627471627,0.407421121649073,0.0585103700556477,0.181296825960555
"CbMPDiCbraya","L1_H1","L12_V5",0.00203783199848441,0.073143768817783,0.62512669475036,0.0890452967184291,0.210646407714943
"CbMPDiCbraya","L1_H1","L2_H0",0.226494253222851,0.0462377892876565,0.494459105211895,0.0149363020170797,0.217872550260518
"CbMPDiCbraya","L1_H1","L2_H1",0.147648279295219,0.192838329818066,0.450914903622003,0.0275077433625948,0.181090743902118
"CbMPDiCbraya","L1_H1","L2_H2",0.0138766795558677,0.0768962174484344,0.791261318856062,0.0117197361990163,0.10624604794062
"CbMPDiCbraya","L1_H1","L2_H3",0.0022128439036563,0.0603183203494958,0.78318246651366,0.0290763123625768,0.125210056870611
"CbMPDiCbraya","L1_H1","L2_H4",0.0287644866673351,0.332887953654685,0.398682828209427,0.0438991478262247,0.195765583642329
"CbMPDiCbraya","L1_H1","L2_H5",0.106681753668706,0.187476908928253,0.498057476024636,0.0251489147527888,0.182634946625616
"CbMPDiCbraya","L1_H1","L2_V1",0.125500905861401,0.246962970707859,0.404693778283035,0.0233096619271401,0.199532683220565
"CbMPDiCbraya","L1_H1","L2_V2",0.182727932488673,0.277818435081429,0.318469903352049,0.035966094648803,0.185017634429046
"CbMPDiCbraya","L1_H1","L2_V3",0.124175537496267,0.307286792090696,0.30333388364148,0.0320157805382129,0.233188006233345
"CbMPDiCbraya","L1_H1","L2_V4",0.171087736885219,0.29361723713301,0.307734413804951,0.0301229332952875,0.197437678881533
"CbMPDiCbraya","L1_H1","L2_V5",0.0288046153186435,0.246194672222784,0.478413346634444,0.0112987353277511,0.235288630496378
"CbMPDiCbraya","L1_H1","L3_H0",0.00193571635521882,0.254317111086472,0.593796725107259,0.0193127077246296,0.130637739726421
"CbMPDiCbraya","L1_H1","L3_H1",0.0013065760882528,0.232889382138548,0.606414384443648,0.0181582381185174,0.141231419211034
"CbMPDiCbraya","L1_H1","L3_H2",0,0.372476031693318,0.443045084975499,0.0265051431987846,0.157973740132399
"CbMPDiCbraya","L1_H1","L3_H3",0.00154581023225182,0.388288832007373,0.445355693274523,0.0216026658045735,0.143206998681279
"CbMPDiCbraya","L1_H1","L3_H4",0.0131516160729605,0.445304511168825,0.332604061943359,0.0130107325583335,0.195929078256522
"CbMPDiCbraya","L1_H1","L3_H5",0,0.355064946771131,0.471478190415742,0.0210814076176909,0.152375455195436
"CbMPDiCbraya","L1_H1","L3_V1",0.000397425959865143,0.33056392731833,0.527857078357532,0.0149088914622227,0.12627267690205
"CbMPDiCbraya","L1_H1","L3_V2",0.000329035534427062,0.352098421475828,0.488623552314181,0.0189862319965016,0.139962758679062
"CbMPDiCbraya","L1_H1","L3_V3",0,0.362816589600307,0.444251712880788,0.0257821147803994,0.167149582738506
"CbMPDiCbraya","L1_H1","L3_V4",0.00484014325673803,0.264095117410812,0.489964777444356,0.023164113719323,0.217935848168771
"CbMPDiCbraya","L1_H1","L3_V5",0,0.253253481013109,0.556714747128779,0.0167352919805266,0.173296479877586
"CbMPDiCbraya","L1_H1","L4_H0",0.00334753928041947,0.21103031108218,0.60744363450992,0.0232305238249564,0.154947991302524
"CbMPDiCbraya","L1_H1","L4_H1",0.103607564696329,0.187073398988082,0.425372136310226,0.0251709444198528,0.258775955585511
"CbMPDiCbraya","L1_H1","L4_H2",0.0963740120358441,0.0939087671035392,0.573287391307501,0.00856577560042744,0.227864053952688
"CbMPDiCbraya","L1_H1","L4_H3",0.108133690939696,0.258744302631875,0.40596441164328,0.0276509026065537,0.199506692178594
"CbMPDiCbraya","L1_H1","L4_H4",0.130531543646217,0.220551054902369,0.444860823503428,0.0371407338068829,0.166915844141103
"CbMPDiCbraya","L1_H1","L4_H5",0.10683270400688,0.166739198795885,0.507664076839121,0.0119450571287119,0.206818963229402
"CbMPDiCbraya","L1_H1","L4_V1",0.12787638415374,0.263588034094317,0.383426018371818,0.0160181839869658,0.209091379393159
"CbMPDiCbraya","L1_H1","L4_V2",0,0.305135451033079,0.438860603349181,0.0221755987041758,0.233828346913564
"CbMPDiCbraya","L1_H1","L4_V3",0.00254980645154832,0.298400382484947,0.462747459902254,0.0189597406206922,0.217342610540559
"CbMPDiCbraya","L1_H1","L4_V4",0,0.319120287135397,0.397794679740322,0.0178311502613449,0.265253882862936
"CbMPDiCbraya","L1_H1","L4_V5",0.0957973720528766,0.137677017478238,0.591798587865363,0.0260245375533997,0.148702485050123
"CbMPDiCbraya","L1_H1","L5_H0",0,0.0230766368568456,0.670939503093324,0.0402356449897891,0.265748215060042
"CbMPDiCbraya","L1_H1","L5_H1",0,0.0120783991179564,0.770707886710825,0.116329414078146,0.100884300093073
"CbMPDiCbraya","L1_H1","L5_H2",0,0.0323723064901834,0.551878001554175,0.114819428046419,0.300930263909222
"CbMPDiCbraya","L1_H1","L5_H3",0.000399181435594737,0.275421970331246,0.526553112883057,0.0186158518848682,0.179009883465235
"CbMPDiCbraya","L1_H1","L5_H4",0.100904023867067,0.0718679195685961,0.554800963155598,0.0427091877489875,0.229717905659751
"CbMPDiCbraya","L1_H1","L5_H5",0.0188885273149578,0.290281020655181,0.509048710942708,0.0351302779806127,0.146651463106541
"CbMPDiCbraya","L1_H1","L5_V1",0.104031515918031,0.225868918964967,0.414683678711942,0.0255099501615743,0.229905936243486
"CbMPDiCbraya","L1_H1","L5_V2",0.0233006786471592,0.371088606254143,0.402402934367643,0.0326395980536813,0.170568182677373
"CbMPDiCbraya","L1_H1","L5_V3",0.035296819269025,0.240230191138398,0.546671768384222,0.0522856780548113,0.125515543153544
"CbMPDiCbraya","L1_H1","L5_V4",0.0230739735022644,0.0539330361108342,0.788579406219597,0.0628523320905165,0.0715612520767878
"CbMPDiCbraya","L1_H1","L5_V5",0,0.124160178943536,0.73127519536636,0.0226506174113975,0.121914008278706
"CbMPDiCbraya","L1_H1","L6_H0",0,0.42831936011114,0.368130625039894,0.0336841444238019,0.169865870425164
"CbMPDiCbraya","L1_H1","L6_H1",0.00223834535025298,0.67498405263086,0.207502935093603,0.0385963184826038,0.07667834844268
"CbMPDiCbraya","L1_H1","L6_H2",0.000380408384465204,0.653762454051787,0.232413190348445,0.0278329548014521,0.0856109924138502
"CbMPDiCbraya","L1_H1","L6_H3",0.00180654294312795,0.474986960891841,0.452935551468428,0.0190548238316892,0.0512161208649136
"CbMPDiCbraya","L1_H1","L6_H4",0.0161008127501586,0.47022969777511,0.356241948038457,0.0242754090254023,0.133152132410872
"CbMPDiCbraya","L1_H1","L6_H5",0,0.342255131111323,0.487558464587891,0.043645076371507,0.126541327929279
"CbMPDiCbraya","L1_H1","L6_V1",0.0114875005386879,0.6106761483274,0.282389097581512,0.0311640745709259,0.0642831789814742
"CbMPDiCbraya","L1_H1","L6_V2",0,0.478300219804325,0.434832058579934,0.0213224703786383,0.0655452512371028
"CbMPDiCbraya","L1_H1","L6_V3",0,0.748236170455985,0.167509895869008,0.0285903245285778,0.0556636091464293
"CbMPDiCbraya","L1_H1","L6_V4",0,0.661793034028315,0.243234319672553,0.0140216271240844,0.0809510191750481
"CbMPDiCbraya","L1_H1","L6_V5",0.00254549903681431,0.603121389540119,0.306324053467492,0.0202618778972949,0.0677471800582807
"CbMPDiCbraya","L1_H1","L7_H0",0.000671948827583753,0.450086841682142,0.356648956609727,0.01037672786607,0.182215525014477
"CbMPDiCbraya","L1_H1","L7_H1",0,0.547953793960493,0.357012991659076,0.0294804041789772,0.0655528102014529
"CbMPDiCbraya","L1_H1","L7_H2",0.00979034414790843,0.672949267737644,0.131350244200265,0.0305448012977084,0.155365342616474
"CbMPDiCbraya","L1_H1","L7_H3",0.0106021797960341,0.273690094735044,0.642930095522124,0.017313457030942,0.0554641729158558
"CbMPDiCbraya","L1_H1","L7_H4",0,0.448377437864423,0.461658134463399,0.033382000402122,0.0565824272700558
"CbMPDiCbraya","L1_H1","L7_H5",0.000809029284302657,0.469432282704081,0.418190936028557,0.0499261869934275,0.0616415649896315
"CbMPDiCbraya","L1_H1","L7_V1",0,0.73847908215594,0.169580838206777,0.0196134952126196,0.0723265844246638
"CbMPDiCbraya","L1_H1","L7_V2",0.000129949634417824,0.62634314026633,0.240680239372592,0.0290624487407397,0.10378422198592
"CbMPDiCbraya","L1_H1","L7_V3",0.00249445783328006,0.683772259766061,0.214633836244429,0.0198210386837545,0.079278407472475
"CbMPDiCbraya","L1_H1","L7_V4",0,0.555722791199433,0.246535932663994,0.0208722129623777,0.176869063174195
"CbMPDiCbraya","L1_H1","L7_V5",0,0.746869329786512,0.161480602755329,0.0162305172222562,0.075419550235903
"CbMPDiCbraya","L1_H1","L8_H0",0,0.322612812815418,0.35593266028217,0.1471018025358,0.174352724366612
"CbMPDiCbraya","L1_H1","L8_H1",0.014566809044879,0.2760088865572,0.552738479383449,0.0646770700387809,0.0920087549756908
"CbMPDiCbraya","L1_H1","L8_H2",0.00281267353951609,0.290169840089454,0.505121727047916,0.0445333072219346,0.15736245210118
"CbMPDiCbraya","L1_H1","L8_H3",0,0.226304699376024,0.619861825279263,0.0458361187060702,0.107997356638642
"CbMPDiCbraya","L1_H1","L8_H4",0.00243822345922666,0.126219887291775,0.694754153548854,0.0279785822282204,0.148609153471924
"CbMPDiCbraya","L1_H1","L8_H5",0,0.364878206874765,0.478242719438062,0.026151926891509,0.130727146795664
"CbMPDiCbraya","L1_H1","L8_V1",0.00268428249141428,0.547103017951372,0.271177375148831,0.0552140996530167,0.123821224755367
"CbMPDiCbraya","L1_H1","L8_V2",0.00450152976961441,0.270430587748987,0.567944676608058,0.0371774835769205,0.11994572229642
"CbMPDiCbraya","L1_H1","L8_V3",0.0223872933151955,0.157223190849348,0.631470439841869,0.0457312921911623,0.143187783802426
"CbMPDiCbraya","L1_H1","L8_V4",0.0444754162490672,0.196949953088519,0.618322185217971,0.0409519891174975,0.0993004563269451
"CbMPDiCbraya","L1_H1","L8_V5",0.00382507196470436,0.0896087765868004,0.722983195279249,0.0653147084529882,0.118268247716258
"CbMPDiCbraya","L1_H1","L9_H0",0,0.262952556862854,0.541068098264251,0.0268028590221093,0.169176485850786
"CbMPDiCbraya","L1_H1","L9_H1",0.0312791789782184,0.146236107734874,0.607854311310265,0.035999391698544,0.178631010278099
"CbMPDiCbraya","L1_H1","L9_H2",0.0820368802199144,0.243472669908426,0.448888907479722,0.039747658355428,0.185853884036509
"CbMPDiCbraya","L1_H1","L9_H3",0.0617754471685241,0.236942689636904,0.477965009945666,0.0260789413961031,0.197237911852803
"CbMPDiCbraya","L1_H1","L9_H4",0.00961976403476812,0.250361274973012,0.519349321665982,0.0407138607139228,0.179955778612315
"CbMPDiCbraya","L1_H1","L9_H5",0.017166505976736,0.142255329420281,0.665967337208845,0.0359909773537908,0.138619850040348
"CbMPDiCbraya","L1_H1","L9_V1",0,0.152773656902771,0.708338338335715,0.0352514892913279,0.103636515470186
"CbMPDiCbraya","L1_H1","L9_V2",0.0186365576217073,0.361365860446095,0.420852152546989,0.0483654031343249,0.150780026250883
"CbMPDiCbraya","L1_H1","L9_V3",0,0.151917273448919,0.588859378462762,0.0649710045394727,0.194252343548846
"CbMPDiCbraya","L1_H1","L9_V4",0.00593369072188071,0.244982465252042,0.503772162873575,0.0252179323681249,0.220093748784378
"CbMPDiCbraya","L1_H1","L9_V5",0,0.0614531721589375,0.718458612056236,0.0325049759738544,0.187583239810972
"CbMPDiCbraya","L1_H2","L1_H3",0.00235139312270378,0.460304162433827,0.348308503959401,0.10364149715942,0.0853944433246478
"CbMPDiCbraya","L1_H2","L1_H4",0.00160997985682327,0.232119438524864,0.634809251796853,0.08724890687497,0.0442124229464894
"CbMPDiCbraya","L1_H2","L1_H5",0,0.318182063175581,0.596370480126865,0.0534611584323707,0.0319862982651833
"CbMPDiCbraya","L1_H2","L1_V1",0.000787739039116045,0.278670217056058,0.0541152227852295,0.0607099836155902,0.605716837504007
"CbMPDiCbraya","L1_H2","L1_V2",0,0.35603275774033,0.515002307621957,0.0734136979292422,0.0555512367084711
"CbMPDiCbraya","L1_H2","L1_V3",0,0.348189949886664,0.548044651687891,0.0741183989153818,0.0296469995100639
"CbMPDiCbraya","L1_H2","L1_V4",0,0.417478097361053,0.456813638465204,0.0776319557085466,0.0480763084651967
"CbMPDiCbraya","L1_H2","L1_V5",0,0.53222620168568,0.352641163169828,0.0763631374715347,0.0387694976729568
"CbMPDiCbraya","L1_H2","L10_H0",0.00120008828201557,0.370433000153725,0.477799532930987,0.0940976522782379,0.0564697263550348
"CbMPDiCbraya","L1_H2","L10_H1",0,0.0546882170056563,0.737113344795416,0.0952960479326937,0.112902390266234
"CbMPDiCbraya","L1_H2","L10_H2",0.000193336008301839,0.093187626508728,0.72116173073808,0.0809658547185017,0.104491452026388
"CbMPDiCbraya","L1_H2","L10_H3",0,0.145970806563717,0.757262650660218,0.0363223359536457,0.0604442068224197
"CbMPDiCbraya","L1_H2","L10_H4",0,0.391524909312772,0.489302156313209,0.0391993641348793,0.0799735702391401
"CbMPDiCbraya","L1_H2","L10_H5",0.000504596832911712,0.0876253538123942,0.619519557802581,0.0338214057273927,0.25852908582472
"CbMPDiCbraya","L1_H2","L10_V1",0.135631288439976,0.0443227645975836,0.495976229466053,0.0349980302596977,0.28907168723669
"CbMPDiCbraya","L1_H2","L10_V2",0,0.108676371623813,0.511064587785547,0.0276885093561593,0.35257053123448
"CbMPDiCbraya","L1_H2","L10_V3",0.0113025423043897,0.0796622571120389,0.705434191966543,0.0286900040474935,0.174911004569535
"CbMPDiCbraya","L1_H2","L10_V4",0.0063279262325592,0.169061904142965,0.693950954933147,0.0342958895662424,0.096363325125086
"CbMPDiCbraya","L1_H2","L10_V5",0.0164365223028572,0.102190178469785,0.550184520307597,0.022541504196912,0.308647274722849
"CbMPDiCbraya","L1_H2","L11_H0",0.00341674936031782,0.113571548222812,0.764508666146632,0.0373162650438467,0.0811867712263908
"CbMPDiCbraya","L1_H2","L11_H1",0.0136219781432929,0.260667335147224,0.592416773899623,0.0196732404886553,0.113620672321205
"CbMPDiCbraya","L1_H2","L11_H2",0.00548527790462544,0.0164015815573241,0.771351661945099,0.0655730440757352,0.141188434517216
"CbMPDiCbraya","L1_H2","L11_H3",0.00900762964403082,0.114835041550324,0.713638887895094,0.0310372119449667,0.131481228965585
"CbMPDiCbraya","L1_H2","L11_H4",0.00948183692006212,0.19309663935067,0.634031694674987,0.0340563062684986,0.129333522785782
"CbMPDiCbraya","L1_H2","L11_H5",0.019196193176339,0.145369904425106,0.639356106203629,0.0130271036420471,0.183050692552879
"CbMPDiCbraya","L1_H2","L11_V1",0.0419527933536817,0.00817230055138205,0.666701726676774,0.0886335601145636,0.194539619303598
"CbMPDiCbraya","L1_H2","L11_V2",0.0375762273686753,0.216466524655813,0.60248240269071,0.0147215780768768,0.128753267207925
"CbMPDiCbraya","L1_H2","L11_V3",0.019145619818036,0.0289297549155414,0.721159016099848,0.0823848157686735,0.148380793397901
"CbMPDiCbraya","L1_H2","L11_V4",0.0945650706972977,0.0612808881540352,0.629229611056988,0.0683304843210205,0.146593945770659
"CbMPDiCbraya","L1_H2","L11_V5",0.00268418055521676,0.143350412353534,0.699694543465531,0.0344893560562027,0.119781507569515
"CbMPDiCbraya","L1_H2","L12_H0",0.0368291055289466,0.0889774489692673,0.731963043520373,0.0502962526718918,0.0919341493095213
"CbMPDiCbraya","L1_H2","L12_H1",0.0366268664802868,0.133303613722801,0.697774472883426,0.0527610983208667,0.0795339485926203
"CbMPDiCbraya","L1_H2","L12_H2",0.0340459979634324,0.129523625021133,0.525217827231556,0.0193600376735381,0.291852512110341
"CbMPDiCbraya","L1_H2","L12_H3",0.0248661920374696,0.175345058297617,0.663967263723234,0.0382386419572702,0.0975828439844087
"CbMPDiCbraya","L1_H2","L12_H4",0.0523777228352969,0.0859089907028356,0.6673549247811,0.0801910515439628,0.114167310136805
"CbMPDiCbraya","L1_H2","L12_H5",0.0290005377028248,0.0839654465544476,0.675567698231735,0.0713100183833793,0.140156299127613
"CbMPDiCbraya","L1_H2","L12_V1",0.0325533720730025,0.0324948120821705,0.761869433435503,0.0417547045098898,0.131327677899434
"CbMPDiCbraya","L1_H2","L12_V2",0.0453086913635572,0.0561492571790484,0.524771865893608,0.0156215455623689,0.358148640001418
"CbMPDiCbraya","L1_H2","L12_V3",0.0207174636485023,0.101149272982211,0.642082618565183,0.00994165280998548,0.226108991994118
"CbMPDiCbraya","L1_H2","L12_V4",0.0588129870153262,0.223313409530198,0.580914644991303,0.0824377205473455,0.0545212379158274
"CbMPDiCbraya","L1_H2","L12_V5",0.0321206668031684,0.128884354991336,0.61099817178488,0.102330185569624,0.125666620850993
"CbMPDiCbraya","L1_H2","L2_H0",0.164508250486282,0.121197332816004,0.524102003369872,0.0197932142989078,0.170399199028933
"CbMPDiCbraya","L1_H2","L2_H1",0.0775217068361098,0.203147500512519,0.341116585079276,0.0328501964546691,0.345364011117427
"CbMPDiCbraya","L1_H2","L2_H2",0.0251262660337405,0.12497849352622,0.644615342351913,0.0250213122026392,0.180258585885486
"CbMPDiCbraya","L1_H2","L2_H3",0.00381016435311583,0.139180478692326,0.570155179576019,0.109458027852295,0.177396149526243
"CbMPDiCbraya","L1_H2","L2_H4",0.00722403868937487,0.409012883773569,0.386410500778209,0.0592951014948122,0.138057475264035
"CbMPDiCbraya","L1_H2","L2_H5",0.0147519289824644,0.328041036042311,0.441739006141614,0.0192475734505889,0.196220455383022
"CbMPDiCbraya","L1_H2","L2_V1",0.0562301548936334,0.0629368798065319,0.693845258318248,0.0304025803836482,0.156585126597939
"CbMPDiCbraya","L1_H2","L2_V2",0.0997173978230838,0.32321312335156,0.337470024995405,0.0325829565620354,0.207016497267915
"CbMPDiCbraya","L1_H2","L2_V3",0.0541427614200264,0.13747100074091,0.634633097938219,0.0302332831078697,0.143519856792975
"CbMPDiCbraya","L1_H2","L2_V4",0.100787094156682,0.0712858932005397,0.616761284799777,0.0447795812130962,0.166386146629905
"CbMPDiCbraya","L1_H2","L2_V5",0.0155206961634339,0.375649587511302,0.432214251060891,0.0273890219957322,0.149226443268641
"CbMPDiCbraya","L1_H2","L3_H0",0.0167343611358296,0.192703191284895,0.493275075623128,0.0215881149511168,0.27569925700503
"CbMPDiCbraya","L1_H2","L3_H1",0.00147590674903182,0.319014184743847,0.524896872615221,0.0289069809900333,0.125706054901867
"CbMPDiCbraya","L1_H2","L3_H2",0,0.351654777898292,0.558458816205727,0.0416807265799853,0.048205679315996
"CbMPDiCbraya","L1_H2","L3_H3",0.0872684121157704,0.213777748330237,0.490795215388047,0.118463485700747,0.0896951384651981
"CbMPDiCbraya","L1_H2","L3_H4",0.00420539180942507,0.296276477077442,0.542438609023385,0.0191327383449997,0.137946783744749
"CbMPDiCbraya","L1_H2","L3_H5",0.0266904886545608,0.145507251582878,0.672914360651715,0.031382881270345,0.123505017840502
"CbMPDiCbraya","L1_H2","L3_V1",0,0.428291203634919,0.429043802902278,0.0306512073102939,0.112013786152509
"CbMPDiCbraya","L1_H2","L3_V2",0.000667919587312787,0.25041668704276,0.399473349455971,0.0263219865518536,0.323120057362103
"CbMPDiCbraya","L1_H2","L3_V3",0.00185272997197015,0.273786853730902,0.51550575692977,0.0433522285047167,0.165502430862641
"CbMPDiCbraya","L1_H2","L3_V4",0.00224564884739101,0.257557752504552,0.616455911623965,0.0285811504408574,0.095159536583235
"CbMPDiCbraya","L1_H2","L3_V5",0,0.410290864088868,0.436727556397582,0.0216038682412001,0.13137771127235
"CbMPDiCbraya","L1_H2","L4_H0",0.0176661255714648,0.29885990520546,0.418923906781554,0.0135632868841986,0.250986775557322
"CbMPDiCbraya","L1_H2","L4_H1",0.00490398385711003,0.321812733583316,0.476046016722719,0.0256900843783191,0.171547181458536
"CbMPDiCbraya","L1_H2","L4_H2",0.00546748035477944,0.16368400372061,0.561980463502546,0.0225456548569106,0.246322397565154
"CbMPDiCbraya","L1_H2","L4_H3",0.0278540485825584,0.358624727531774,0.440813794942464,0.0299147012742164,0.142792727668987
"CbMPDiCbraya","L1_H2","L4_H4",0.0493406241061806,0.27276793558527,0.454910669538315,0.0230430697956824,0.199937700974553
"CbMPDiCbraya","L1_H2","L4_H5",0.00947644055447962,0.258740766235706,0.527513626251902,0.0204645565322811,0.183804610425632
"CbMPDiCbraya","L1_H2","L4_V1",0.0426372430123886,0.344309523316314,0.382557167120779,0.0341131640813841,0.196382902469135
"CbMPDiCbraya","L1_H2","L4_V2",0.00724956458877253,0.388477536654936,0.370426634873649,0.0274323086995912,0.206413955183051
"CbMPDiCbraya","L1_H2","L4_V3",0.00850031437561955,0.411669225453006,0.388912332479864,0.0174514036568314,0.173466724034679
"CbMPDiCbraya","L1_H2","L4_V4",0.00600603382467624,0.146992839340785,0.429249869061274,0.0462528764034861,0.371498381369779
"CbMPDiCbraya","L1_H2","L4_V5",0.00349013978382784,0.204662202149752,0.644446230270991,0.0507921509254226,0.0966092768700058
"CbMPDiCbraya","L1_H2","L5_H0",0,0.0836510280854611,0.624912544511204,0.0368724938080305,0.254563933595305
